32953318
12696046
32892055
42008294
29365264
48336102
90853030
86196887
11660638
84089424
72519084
35660101
34716678
76165804
91873103
5040612
87657004
98663895
79586004
23224576
44458313
72983123
55629704
1286744
70468010
87353157
57382171
3965463
76735427
13877094
57138358
90231765
26932523
69510838
9183644
89805225
26570435
14037889
70429562
28558490
2079953
60333751
87699615
26202090
90173195
72188508
29670288
9298386
96330353
42396889
3067668
9501046
11811909
56534491
40697895
65668968
98906609
94777808
37609764
83308636
64623292
70764226
84382164
47560003
77213675
20482728
27767758
30035520
20855889
50142473
93891305
1742943
67665272
40214497
51779877
91148364
81539250
7327912
67476373
81680913
34910190
84656741
93131952
96656933
57502488
18107257
68046408
44635391
12906981
76104337
47218475
29341695
88734298
22301250
43887255
54533535
90635907
26001580
54023145
74974636
69371194
62178410
8058306
11575255
22530921
50402470
79047559
80564803
41716952
74740878
3192360
81303825
17233441
41618377
53042214
88352871
52127876
66096736
37198178
71835942
34394786
63418848
43912651
74025365
43648403
69836077
60191850
10669286
93556310
58778711
99208910
38059082
53285202
25511102
60889311
51581425
76473247
6087452
23074460
97150962
99869622
60144300
5990429
70997629
98152838
36679792
6311869
33191404
89507897
47222417
13050962
73409509
48548962
28892485
3102105
76113988
50844566
18592242
44980862
32654810
58690302
82433970
52257662
48665414
93625439
87463864
13205953
57889757
981845
35717575
98629910
19730112
20856567
91160413
4076154
71712167
41896515
14213887
90958136
69895080
71719490
36518452
60317881
63542697
40123543
77508918
34025994
80268879
49979509
91655723
90590119
37483421
66246635
79578589
49882968
49718318
15362096
51554597
42566367
82771525
31618194
39558388
23731235
78995240
40739291
61356738
35707107
92019686
68379112
43945645
59940736
81368906
2091408
71469635
2511023
80167554
5323613
1214821
54947541
57731749
6532661
43961955
29941733
23282017
95865855
62090713
59200666
8123477
6680984
78337650
60827068
93752788
91526681
14387923
97998661
10642732
29990146
45462132
87461085
866991
16131070
5304337
19038009
89556649
33405796
23526615
22626702
6652179
41104446
21586525
29908673
17879571
55150837
37105552
67616810
45891145
17046543
21999635
19231381
9001458
66805265
38539155
90334414
96108227
23023432
47327603
81061821
82808960
85372484
81385483
49903047
41608284
98666595
34946172
809559
85511851
70759145
51109886
22647564
60941855
32596620
33894500
26233105
48324765
77693990
53867169
57114704
88333043
55988880
28030821
93358808
17879391
83935629
15908317
81247247
71059442
78888505
67586936
98838054
21808289
32644142
91467400
25816755
49377204
26169677
18676725
98197070
903290
11375484
94888598
86370672
70772502
46795755
71581339
66701557
40316085
85413108
67664046
1458749
79493289
77235708
79911329
4054292
81494490
41811940
13465789
89281440
11527276
99279224
34299951
99574617
51189511
87482697
61137909
44576974
45792429
72087091
25378583
72490457
45785342
45953556
10984690
89983180
26738601
24131889
46806688
57819289
577020
91057192
81300419
89641234
63972713
1929096
64612604
44286214
22141953
57970943
69943796
68504519
74834352
93885906
22037189
24272005
80297225
36965945
74796739
28480413
69847672
84035440
90743757
44084412
83385864
18397227
59635694
24847335
26466163
67070869
63456714
22765881
69394798
89401394
1059036
85983099
1064875
49451875
89952275
50021818
57615061
14289685
49689311
33510999
7186258
66003659
32560214
23657883
42518673
10660679
55376922
63945091
57316132
68037112
64375560
46128978
7032072
26758568
42842954
87232387
78765050
38876767
42582371
43838071
18909020
88168800
41387712
8682833
40374943
28946956
33414975
51410517
25349768
27031521
29860852
88704862
81727166
19128802
73095859
99593452
26790558
58807224
75320544
34808919
54310725
70350875
32597109
44399566
61702406
71666539
94837164
17379906
10074906
22783988
61276779
85792306
77533182
58875683
25513418
85689674
12881727
67689427
62390823
79330986
93527636
97722873
56447875
73270171
93124727
90101878
28426759
84139662
69673999
78873667
51731846
53681289
24896394
34606081
15642982
48443458
39234738
93296996
95632102
29556366
94273376
82815441
16924432
73320261
91686343
82071888
22698815
12980700
26712326
45989350
95654279
56027142
29044140
28631427
60981025
63213140
77990764
49575547
50192116
1707394
55133962
53098320
43134094
35022232
82047543
52188212
40799725
78688170
49858199
85599354
76646235
62928634
73488453
85954395
21145923
55289486
89860566
25599340
38405054
59180507
96684251
24162964
22162849
84047614
59302588
74972260
46810491
54717479
76550217
55589990
5730626
70278729
20378730
7409104
64940664
32719416
96560421
95842843
27382194
58637684
25337315
17675089
10277025
40574118
51634936
30581973
88621356
63315955
27074919
81024673
31499809
99850429
73236143
33228538
67562259
39492619
92143985
27966692
66014664
63913204
58677549
49623415
15066384
73015712
70673222
84921288
47816638
48400778
98889819
78817472
59571877
29976678
44659465
34539918
23075056
55145260
22427005
48998785
35289455
92581298
83907554
63146453
10383424
81073568
37319477
54759813
1252485
77150636
94408929
40205284
86113369
2141957
14402573
41840071
47583975
52786023
76852410
87321963
50872252
93250299
67508798
91285622
6199398
63601542
33807364
34844196
5970582
27242268
36066838
45516644
20902820
4224623
4702417
34625781
79051026
30949845
79695004
33271802
11201791
94962315
65424502
62196811
41271698
73941591
2590440
6043790
26804524
58188284
43173153
94520913
94313353
12643681
13121507
13235472
6537513
73027520
52481668
7948124
83030134
78794607
22206505
27913192
93557799
13128714
76914024
64692899
72486044
32731941
34099363
78010538
75972546
52120092
26304928
57158931
82800580
72641885
14708390
98467734
31781864
45883133
35861748
33077167
61453412
89569600
4196239
59044562
73676845
3085447
35499586
5700253
46372987
94160954
78337687
43647018
71577947
51217087
67593609
28136008
33522440
28712279
16741809
14897070
28443071
33676322
28323861
6041092
90027488
24389729
72250577
55970096
79512353
99534198
19953858
12343279
57684283
99899614
51689640
83348939
27325111
50317277
4018731
28775417
71243509
16755106
77342731
32145927
30194549
15946022
47068613
98810156
12376825
8813001
26800508
5553513
46166175
18134903
39970348
39222244
48679983
79410437
18955356
86260422
62912085
23668133
71387163
62337320
25751217
78105352
72864562
68472288
5181912
43525724
95709303
78707847
81183813
58486686
27259004
49663736
27717478
80390599
41008058
64930437
14440832
91000840
36835659
95572666
5844938
43235666
53801932
68557108
46831199
94239521
73304207
79818043
78676308
97489914
32383524
19827913
65950509
50590176
48274831
12777696
23213261
65386759
73166927
39012543
56624614
24776952
75207704
15471214
48144383
54201265
34048207
54368066
7316831
39920235
71108768
83995151
44973348
15351734
88538600
34217948
87955118
9794841
87439661
59762103
85450394
80528603
64598645
99684416
88250728
34301244
94312324
90519807
66472905
76426166
40247682
22777060
2924218
44813784
73404929
54141486
87904260
5792752
16187097
44032131
50632558
60568581
42680896
86094389
1488776
92069687
82179877
59679158
10088159
51396583
94948714
4293395
35955899
873256
22225506
36776930
51398119
31287125
21109971
76311889
69427217
10318195
98752353
91138141
52395952
83213553
64802566
10785717
38145082
12254886
52027919
95756660
16593929
35049867
31953274
48162114
12330243
41864364
89712578
84989633
30976981
93423294
33942522
83971678
76550406
40758048
95566038
1043916
807970
89513425
47654340
20880845
97913685
80236604
9146830
49338844
37050727
57627292
9298451
89679637
18138702
49796165
14536875
44002874
90314729
74780408
64465376
98968833
39550478
84820269
94278042
33400615
93708450
50622435
55161233
63987409
31143989
21666654
66735447
19570338
28394570
44387834
51160024
94712437
16812723
41043213
7457406
53876224
9985216
78790877
7843160
77404936
58894614
76702231
66348760
1167435
90155735
7097338
69588620
61736969
41805762
31259356
56108319
99169253
7929287
86623031
1375795
38808175
83463943
39967731
77729725
11827883
43420291
9996565
82973927
57586234
60178056
22362848
38557010
89704952
54146549
98710916
79981193
59630338
16052006
84330131
28796894
31094168
75456784
97079448
707526
23179088
14350034
34789807
90401727
28143209
62725041
2350823
44189347
1360510
39419871
17109630
82967319
67534369
66255328
60677220
70422608
88002034
32958038
5296927
4290628
35400279
70761806
782498
27672942
47552955
99054105
43153388
69169447
91651610
47739056
25766633
99259150
34081152
61536147
2509888
63367624
12699838
10637202
68053751
28038772
86133485
4030519
96382047
7303569
45986881
56384589
57894087
68210285
71366368
70734801
38176374
42632408
51040859
54308849
96643321
37156793
39660085
41588124
5703162
65557895
7652702
79609246
13699032
82564750
20576878
15671304
7677933
14490202
13249692
52627034
9599169
85866354
10949477
91021306
77815282
73976358
67289366
26734114
79298382
84983471
52812008
71831626
4895405
83707310
86702167
98628723
79820207
68592571
81471555
48132625
96830287
42274408
90551100
35693913
41201024
72341121
17955615
1525991
33620031
38257814
35905137
72156722
13829591
44840130
39049578
3991352
27890333
98982404
67123111
99858083
97256207
63413912
80520619
64591502
16825435
82355971
91764709
99166797
5873593
66131236
99469289
97226269
4473041
31317433
70619067
24591862
42680350
81166859
28092357
55813350
39761647
49895243
93937076
14122965
40404303
82460687
25674591
4006138
24836360
85422526
92205813
30992172
28767165
91652673
85303707
68481831
54119516
11033634
15378000
81561704
13745427
11219396
92382150
54285799
35950361
58087184
85510886
36268313
73707729
84995373
57962600
28024816
38223688
85891535
40652898
97023534
4517126
8268787
75741427
50990282
37638296
55600216
91896513
34653022
8310443
57920540
77621284
60398607
70257940
2482479
3929300
80818385
13703605
30698492
14823307
78495852
58290620
95903262
73556781
77193137
4338560
93457730
88376676
8515267
73608173
37582799
84633701
88803479
79663374
57381849
18084903
91661413
8628795
74812381
98750296
81616691
99341297
29822550
78271298
53794762
32136940
5573861
64315362
10572862
75530832
97991584
53349871
91474932
83941579
95553121
97660551
28501239
99681857
81721936
21453426
39387410
82973224
83487567
43139572
84812308
50693021
34218793
75747702
73496921
68276054
89583187
98321846
18871770
35852113
64868773
36086318
74437803
43314838
12340037
55461221
35917959
6050196
24771757
24772160
41754056
3544144
13155145
33338154
14581183
19922330
50529370
16193928
27036795
3440492
14744863
76091822
20757313
35280394
68136442
93549736
37724779
14797687
98778301
57324499
93943318
67843156
86200485
57943853
46771790
80713897
18144858
60709395
15230399
16292385
47276491
39215245
41440503
43063309
11745049
67506754
8375140
73221533
5310292
62633972
58941453
5383876
12101545
28849673
99292967
53578242
43361626
82928947
88484874
56699602
24718244
25874999
33134048
21932220
96719386
91463880
37801715
70530548
43036416
54414341
12448128
78506175
87795260
95176604
88873544
72336903
17115918
23156676
66268087
19280078
14477636
87837859
88865904
9461678
98483638
5849390
5053107
39410289
67044696
41322784
4312909
44746287
26039640
53565956
66886946
85807504
62957235
29985108
150285
76248881
40627557
98839120
44965073
72990597
7046820
46199342
25937975
48930255
53384227
27714943
14550334
57148880
68683947
96321540
30149705
29904400
90485177
52991676
92977182
45915365
63448714
60799124
28643311
55853219
12783094
68235567
63393099
95755751
8467255
89070340
17289446
84820756
26697676
38473387
26429642
9825519
23981613
43677827
36069560
9368659
44588343
29194233
30744157
14980976
91805830
27168945
68203559
99880487
56102123
70954811
93995853
5051167
51973324
12132607
66116942
52970692
130596
99460963
40517585
72444194
81967113
46071845
88710890
7163758
491217
44512604
49242860
75050262
33979722
72012687
80154736
39006065
76847339
43156661
35598637
47818959
18059532
7794554
57803344
63738110
64781404
42419417
83911362
72379238
55803931
68415858
89460945
26894336
70376364
89126633
27979877
33620638
48566735
73544954
67734383
17516282
97804644
10424108
67093823
99050514
92480191
14224784
96732064
83749218
69576432
43204479
52556658
84989020
96486098
30735076
29422875
52209769
18219295
78138543
70291104
15084507
11603738
42259323
40047954
47759261
76180091
45835155
41782921
30660998
94063838
46321306
20661003
66400669
80177205
36110532
96714750
96913672
58466595
11473113
14960594
42801623
63917296
28943685
31503394
88508026
23420262
87010487
25991715
38304814
70534729
79708435
98080687
80059426
27350488
60749486
96554548
69202321
71188351
39246615
65860343
87692268
81517970
23263920
38347916
65308415
24757965
54599591
83816357
61930437
2282755
70103136
65137926
54682622
89803910
87493571
6613486
94019910
66678273
24851362
25457531
93278291
48807520
17072181
74616834
10752617
80940821
5530071
69020950
75963725
14435800
56165402
82580890
24609978
57882513
70442528
61062350
71962113
2320956
41828882
417998
81730294
56727992
57981355
23403065
31716070
81417454
57540910
7084128
40506291
80300234
12861984
43269022
37820610
76631728
8427635
85386074
38582953
43312313
98955015
42648193
95040244
39523171
32441184
807789
16748077
85530699
61974262
74953062
60662822
78437372
62175734
93223955
82743858
28688393
64384148
6470396
74911452
47966918
65812964
46920321
88603447
54868042
33509055
88816518
54540212
54842063
24870435
19324422
42722520
73080070
64887309
72840200
73397047
84934789
68072614
87713545
60789933
28440922
80873033
72556279
63744688
40036967
23456065
43575782
15790535
65809691
35393324
87348155
88404569
97051944
18366884
96122293
96906999
67225568
2307078
19095668
58172868
29754102
95467704
87265600
17619649
83553896
6278280
33981703
57915374
20633819
25472063
19402478
74079620
37426592
19648536
68858676
76860561
71938704
751095
7264924
33476736
12868710
11010841
28182939
64384941
95112900
44912500
98682987
27107690
30570561
14100544
66214893
44449403
2032541
60085662
94102522
58690800
35991272
99243541
89618537
27231843
3090083
90571771
46435039
46527810
90530782
75453723
61345295
35708356
39419906
87529725
62530508
72668562
60666981
89874361
27283791
43635454
33200375
13986489
76764168
24309907
713531
80097140
62773332
14062313
36343394
63480140
73160827
89577996
547389
64214153
59491865
91464326
42250563
49602462
32047212
87297950
19532113
56927342
57332564
22370547
10677280
99259841
76378222
93884475
3985000
67801361
80992603
65738597
35757376
90844918
80595598
93753421
45227785
39045182
34109440
48387090
25170541
50184358
60345076
34845582
40412955
81961044
62324556
42892975
43196286
17918019
26068461
560045
24243464
69293957
87362457
40020415
53197717
39687134
4179574
35143953
68957965
7450303
94383220
52021365
91644139
25525303
23487602
32460223
12614227
6208519
84462165
78890806
55929967
51553809
70210331
44039214
96415789
96702807
28023185
79622895
70671660
20375881
11110323
28487807
62679598
35434179
51961220
59255973
21214664
41460479
26701702
8522520
56192541
26406698
22586873
42384130
49908233
52669559
3720629
62792823
89461726
36202439
42940605
69448969
13275506
7609272
77751501
44112580
67562866
36668090
84751240
82660311
85083979
54401701
90939458
85249279
2749583
60990213
25737879
46348083
61220860
83030548
15361200
53072665
56717487
50474135
20905808
73571821
88053615
93430427
67687606
20007996
2407327
38291961
50791876
52412340
16977301
12259288
24234647
64383283
8953739
8185483
5990971
17308364
66635140
23875302
66459940
36463743
28986081
31503870
73943696
51369793
93943837
96221039
38874861
16762992
16405340
38976838
37776594
38427274
90316474
56897677
33810630
26535661
93710986
98781264
66633877
47198010
21613043
15251693
32481696
71778405
8363021
74746521
83467310
27380744
65550265
44217068
1346932
60261736
14458383
23346704
76265343
34620206
63947818
4584807
73123959
39587694
58450443
57716606
44493661
83208203
14885388
37807238
38998392
75505715
8434145
76480146
3245500
19028447
27097915
6775913
3451158
20661228
86779433
55733700
43511265
69444381
20957315
56771924
64612586
71096173
70187982
27972434
56207538
54396454
49497725
27063458
44563435
7614597
70090653
65718829
78752384
59499186
72039928
90764536
99183225
37406038
20269633
45060870
52800181
50244375
64152979
51568581
19641713
16835820
47224760
49055207
6657523
35045471
47386224
23537865
18397444
71942067
88220816
58213368
61554760
86705881
16211263
69811713
54590068
14680830
83608469
59492739
96133163
23058800
16048768
90711905
99939305
32723135
89050093
18469876
53580145
48649126
42891423
72383898
83513585
67161988
17164257
62061142
90175567
42623530
40718284
52050908
70413530
31482768
47810000
29294876
44254303
98340769
98925644
79758683
17526856
92024543
29518902
81455887
11294358
45376896
49720915
73416769
87386001
84877582
24370353
83829338
36587452
2321565
89274510
60507217
69024954
77680247
50547464
66162405
56227972
64106662
61455791
50803073
1715240
66315995
93788449
35535712
61524830
89371454
89171904
13128460
78751971
67697015
56731286
71377545
18970757
5631275
43445383
12936539
21000067
99185111
87186172
90763891
27418541
78495581
40150522
57856452
87041873
71728885
43155656
73919388
1437268
68272731
59793234
34451978
66493087
64392913
92936542
97598623
16764719
31842995
47551138
15184526
71582970
36743991
34295380
35827430
32593819
95591623
61807685
39675420
80627856
43920196
754733
92268822
93318539
17864357
46804763
97327832
33172432
2359540
50753457
41526018
67423929
17705947
77707844
24837501
49069742
40841649
86803099
29019094
15180406
91123169
8783144
31203640
6685064
1880008
75022024
53468135
27622638
32510872
15785679
7171503
54950582
32385749
25477245
38749984
5688325
31255507
76166140
2683635
90474666
91840919
75075727
69767523
83748795
90328994
1355823
6995733
67304254
16422089
10668938
94858025
1013716
47030877
40162340
59202840
33551867
20308832
97023521
36135880
43630727
42608641
17242715
63945080
9568179
99062478
6007904
29725086
80325558
63763042
83617439
23910955
53943658
50975014
40604996
56423731
49804768
53204170
45641660
8146681
82898661
50618056
59969412
65296432
69562603
83150905
7952813
33856372
29507131
89604007
66677932
92951324
3638213
86978140
29310899
66559051
77173552
29170680
97728322
95335947
37442539
47572531
91458030
88972875
54239666
61043618
7309687
86329954
5265016
72827396
7346171
89323627
46774447
81707193
35537661
13135622
3515532
23088484
65791152
5532890
55564420
24284995
69913957
880278
52670105
41669406
40035482
85121254
40140207
30215947
43375894
80208770
6201837
93087114
78693002
54989449
77668730
80288647
62741320
34677281
76651037
35095490
90634122
63417183
89532318
29382812
84592900
18072873
81894509
78578005
27295514
43446529
5120107
48739339
4810383
79398702
56213425
33522354
66050765
50757110
89742293
36785697
95228389
25529773
88412082
20684006
11294568
95664668
75036411
36792908
18111805
53074475
84853678
55959572
99156935
88216288
91055556
97302899
71344760
26547186
37868490
99272783
45979276
22883775
42681433
25140959
96921233
92746389
52513453
33785075
2698571
62232798
57351917
69993168
80961798
44139513
83263552
61785358
10815342
20568366
43086159
48443662
73925917
91832909
58969507
56029011
47080301
52965508
2758308
47033464
55895181
41068168
91479191
99236043
75623831
42729476
50780873
92757119
27538510
97444960
53655442
75776351
89015513
23566861
17660381
2887910
4979728
2688851
91241770
97610578
38827373
56835039
24452593
14747045
39530929
35337086
57067764
57167512
62854761
14821932
948787
64220697
72272515
29068570
19841295
66792009
84221932
21200107
51268895
24776950
12514927
70228147
57656903
52315475
18859535
77201559
26620180
14852325
2621389
45294284
95364498
22158550
16736443
5933023
8474855
5817411
84853155
74726213
43316034
71128746
7042254
77637507
50199338
239091
79733718
69394817
46353161
52237738
40384464
77021089
83989664
19667731
46618439
97345919
57963037
78838769
73333310
93635499
74641306
92186255
30520684
28836838
90065587
92010797
63084739
66904684
60349999
45572073
73702528
8758121
98125661
89881066
52790593
61638259
46479518
91209905
19155759
10991542
95473349
94282878
38782760
63035165
9173039
94748756
73808371
43379001
1067850
37887870
16995386
23955713
53419862
75445237
36697561
6779415
59188614
43321481
46030618
24205846
79849126
97929253
27259227
72412479
41478384
17896020
78378988
49575903
97051559
61591306
89770282
36777264
10790888
32871529
79030930
78629339
25482404
26434454
71299194
53931721
47757512
51187564
80088768
68365685
85618408
95127741
38616786
4769557
25407277
80348544
83374651
99910873
22426481
93917784
99430097
39961882
45955133
16680478
41023894
91856153
24122293
38586672
31863056
65053288
16866338
93100869
75914612
42475647
58502667
96607521
91742430
53001581
89296193
2445807
41867418
15106489
47813179
58507431
37973656
63029402
88983707
39759008
76752457
25055810
39205977
43509834
68747291
69501770
51902649
14831062
29287623
39920282
97937250
84957916
14368201
23714351
50107996
30387098
25477185
47654655
88386759
37360026
66433634
85021712
91437720
98694030
30547717
88801014
86530932
55838984
48029361
55113396
70960340
89991466
26180817
25427974
61758446
12048204
32599365
40913771
10871705
33643057
35770399
20695039
49434030
76339209
3647641
51547715
59082067
9912148
62485940
16036814
85544546
21337646
29578434
86430463
69013019
36850289
66608479
23527843
12123718
22728522
21561451
63596798
22538951
25048271
10588614
65183798
78696213
57197581
72613491
13657135
65306389
16639701
35258163
85919244
63523955
70819414
53972267
31992944
59446206
25130208
44957849
76684431
55043707
86936978
73971465
83314506
16004313
9779553
11116486
11469804
75712761
44221211
59499120
46970503
96195212
63542061
4697529
35403791
91936823
84265785
35742355
41174446
55538311
97910078
45515421
28935842
65175223
23359724
85763687
86457375
87313943
45632089
57931808
5186907
28891896
87461365
30078130
84515235
70143598
69296561
72723375
14972891
5685437
19083404
68969456
39077367
69497871
25948386
46172280
7407488
82679979
30343545
8141377
59222110
55569959
37762752
10226489
16916735
21332977
11137505
93628265
75876164
68466491
31913317
21953233
54713661
79924975
6075443
36720371
4000696
29705602
12170634
86154034
55756692
30225480
20235043
47883481
98384799
93572148
28537315
47086755
62425630
68145520
29743299
8991446
62229244
16907199
86865975
34798140
82024593
892285
85482784
43936324
2346283
21769469
15064755
42258099
47336851
50313907
11065242
83902538
31223337
48934496
80200644
44598133
621517
73798192
64073843
57895736
56423721
60843251
22702518
53056021
6704761
33537110
94818746
60189380
87046014
47212558
36511939
40319412
3325680
28864694
12744094
25951377
94529972
18191156
7885037
1527477
36540893
41075738
80056691
68374316
39508114
12618301
66388105
1579158
60052598
69322196
79784996
50712343
89423788
38156879
47100734
10083413
77333400
44055249
36092623
15756193
94724352
67020849
38239476
92530591
60851580
76666174
57526235
60542095
7225535
46885795
43285615
28680065
74262973
62304741
14049268
39819944
52282140
32975350
72649863
27846334
38120613
27266495
42662574
37273229
99408029
43476139
27890159
44253252
28944697
15299549
50745724
33383345
3847950
68770664
28856076
33741488
37107031
11228605
84762878
68957979
57798783
11209027
41048495
85848435
74874561
94590449
43856179
78643711
83403565
83315618
29968628
14249584
4887090
67355466
31674310
21089409
94215508
55647967
31005330
19066836
643273
84995983
43879084
10997270
61577590
20298052
98420535
7883189
89507402
26696925
61337222
4774887
68367194
15970201
32173942
2333798
59726118
94868559
72850478
81257285
68755986
29219868
61482414
49243239
48238869
48491271
13445951
96870116
21646601
65982950
99803422
21403175
34901005
4256741
44261352
99410221
93099030
97470227
53441587
89067290
28665062
5736773
48258960
51642758
54559908
39022946
90650066
10271966
40418337
2369114
82337179
77391394
26772423
52691099
21621817
47222255
646932
32975328
8578062
29819950
77580718
97350901
49437776
17088263
93761705
6665217
49889541
2719019
70761568
79569343
89370856
7984535
47048824
47787022
75981163
19899706
55092499
59463261
50364629
33383177
90939809
5774742
18480689
59414569
43699822
65377657
57917527
40017155
65750529
62012238
41129950
37172085
10652961
57044881
71162841
49921926
47906042
69402967
33328580
51805857
56511714
46092239
45825803
1598645
76864246
84736755
87590918
75729197
83132270
13703255
76943440
47902735
59589792
65161647
46687304
228257
96210918
25250705
94620316
88979989
57918286
516826
73489538
74916496
50745591
67349528
36999540
10767653
69677870
33509535
57437253
4171467
16702602
47919992
12476284
58615120
27855565
60269813
88469101
73033895
75623794
48795330
75854015
51191826
28282507
52524059
73737990
17706331
72826484
51866035
55203864
3298674
61365674
30333370
8898096
8775653
26270908
36785519
40170418
78068720
72046894
40219465
22732355
81806362
63826125
26950862
15691956
59755628
59633929
53505482
74422658
23253353
49626275
73249343
45019171
58681808
97402527
40105895
36421864
54180259
1018968
53813395
98582595
42126897
49557616
29554533
39156330
89293403
69072626
36086548
27280579
28912033
1658490
92481783
71429448
48049330
94842555
20181673
96289191
96253597
53999549
48342707
42612271
21763606
91234829
44956170
59726740
19029183
28593009
66252387
84964317
6232115
58239292
86055524
89125762
81300604
73425381
73729897
23399821
85934452
37947078
22043880
55898370
60862257
67946472
86247054
6975610
84640638
20181860
64436391
35622135
73334179
40334263
90016893
55884046
82967578
84297867
87998055
13372140
99698627
98403494
10932640
13247460
30824031
28689679
5925325
37751843
34700055
56150242
52301941
7559466
14425461
39165759
80815926
30839658
61400260
15177960
26939386
57997361
61547032
26444404
80616957
12062134
82112173
50334552
40833127
65914829
72378131
42983021
29766824
77547433
43194391
1417794
63517043
85070486
12794498
54246372
78525893
1882176
49329162
87535981
95986080
23076200
50749002
81743185
11057734
30804780
28674844
55757819
63662553
24025009
26381567
63642469
78514453
13076910
66470054
93761309
95492392
57766699
53941207
25946066
64614568
92884457
43449368
45633277
92145208
69647132
45870089
92039103
90673548
83682589
27521095
50405533
9214678
96809221
35461292
32690144
92376320
84257335
26195101
70287924
96821034
48865672
93275100
14392869
19413496
61014025
4597285
72681588
1167676
85396350
37824698
38643547
11180754
10156286
87771975
19387491
7688394
68147106
9657696
97950723
18521195
84310265
46322540
34875242
11833818
40507903
3104768
19185260
78390996
86203670
56913412
99497083
2316712
56679400
64798980
67290519
73260158
82207208
35140694
83772341
74946965
67335734
84601645
51711001
21485267
96113768
44753237
22025846
64896861
55256657
22391405
44823349
20976447
6809284
63640161
5927021
45476757
65588073
41060877
98982955
40296782
16177836
33044064
57895219
65584602
76557742
47010475
45811345
7618539
8679762
33193833
14828212
50294222
83149797
29539750
51220118
30722277
89105597
46214632
27028658
94372796
79145594
32403366
92063052
94038603
71161267
19661768
43852029
46820441
49205098
21832095
2535610
81781470
25560892
49914159
66945692
90630651
79335199
76198959
78595264
77909866
54305596
73761691
53150393
65032571
34667416
96038952
82290816
52148311
88360802
45878315
56459738
78918249
25757070
38615399
99165757
33511504
11297128
35906659
42068349
44321609
21650713
40203480
29226390
82054868
67116332
96545474
90073343
44602369
55827174
33125636
36020539
16008008
65650868
86048812
67058629
11433220
12536039
89337468
83212232
98758116
2831024
92996355
61897578
35644737
39410214
69330384
46149610
17538125
72866276
48975283
2110018
19989184
82058258
57574208
44174845
13160760
9717579
74648803
7812246
54523601
56277216
73637469
14151778
80046741
14446232
59069492
93213691
54090329
7325149
41287916
69145331
56196139
58504169
87536586
67987723
55463551
65090138
42323850
38678988
11934189
553538
72790168
16915358
64107152
95036180
49238671
91531416
72864844
33570008
84818722
61694054
60280583
62229731
64757197
16686213
50366874
82803171
12715999
29995152
5160265
12532965
92958641
25090574
66018581
70122634
98476999
748962
78903682
3844569
77816882
73954540
58905758
18625018
60281112
84242870
9957821
50659349
35863770
47744169
55627249
19266738
80354629
64889015
47629827
5146465
27976265
1814183
41908687
63909081
56074778
58310349
73524481
82994751
13032283
30993595
10467240
59593178
35587955
48493137
93421558
77999543
31763704
49867351
57026067
70401916
45979122
4549688
74480841
32206771
36230972
80802222
76234159
2189305
12379370
95554119
73671224
11699560
61709781
24553964
43999793
72595974
81612732
91667183
73434231
60292783
84858807
34970683
67648693
87541886
2983792
15968954
49164665
13016398
73991839
84302095
10728753
41188100
16560187
6294868
32721454
41428411
93233030
78753988
22220998
68253315
22501982
2097834
68956855
17436535
22710106
95754237
54066281
28023502
14320175
13473392
18431273
81397760
20908089
53455918
4443374
6375122
83932439
40526764
43732687
86506805
17346340
1779491
95847257
64338499
17427681
96461079
28984656
71707352
64401115
92133340
97013132
25930303
60216909
91147771
34214204
60517313
96147513
37982522
50002433
83028338
30763125
60982682
46257718
78139502
76602384
12189770
82311693
87662099
6844083
70391261
1634348
5447034
69952249
64371993
82161423
53550411
51084754
50832783
80209235
70241273
29912057
60865652
14439185
9345241
20095782
91056931
54389580
15700385
17544810
44539843
9998742
235440
21844110
91492206
84089438
81720531
2617182
84712962
81225973
84006252
10473196
61208846
12812724
37766007
96232485
47622817
1945355
94752331
51940291
85151078
43985502
93818809
58417434
51663224
82708013
18502563
21244266
84875893
26275963
40287131
86792990
67454843
21034788
55988589
26622783
76687091
55643735
67438297
38475470
2305819
47920797
57559567
84868530
25382462
11418049
54251414
29558019
67287906
85998126
58568987
52643518
81734189
52337810
67521976
87981032
654624
78641893
23871433
45228334
20575825
7233502
31170734
8316925
20920279
60768018
66564176
6516877
8248808
64810049
4023012
4548846
22036057
95896077
87800516
62652470
42991477
27507993
21436294
90278961
5141235
34559795
4164744
88593698
47556745
55640371
24176633
93600966
13963739
44082433
85082384
31413449
82012292
12748382
66131913
51125865
91134091
39157502
61058922
89018558
21177347
43362427
76052819
64177980
1718270
57193714
69527763
83492898
54862554
82198724
6194375
11700787
39677224
57177584
50177884
57371675
91329216
36175672
4813380
38634080
15055223
7050972
41516721
83394977
19083860
17484454
98671261
17529779
75165795
56878460
90605316
84383408
96294019
45253503
334698
62238095
27071859
46505253
34090838
7499747
55598210
61181173
63614963
60880450
711217
27118665
73564417
68432228
25367506
7306695
5252550
33323313
84822362
27141407
20463538
64311022
89135688
25066551
71339045
85322979
18152519
88301867
17581980
37260158
9279855
69347847
7482251
48339613
34346606
74156548
3655936
17546692
94966183
29514214
11581887
46779635
96183050
67799880
62005197
46237016
23235013
42580088
53590649
33926535
63754011
67619849
52834929
86527919
5856101
30387203
63703081
73376099
72856130
9197031
5702594
3239904
60195918
94732582
16356358
96135697
83422380
65116961
3864317
24428500
54506555
62383876
92671839
86336818
81893849
94341563
22711741
50496020
62616039
4351890
89383480
27194200
28002902
18183511
80053280
72460404
34342822
88495893
80810353
1567093
23027565
12518046
72443883
45933257
75326825
86652318
59859086
50362411
77541546
10752355
41909725
44838844
50569345
2126283
21570928
81527682
52930584
47953924
75098421
29539887
23226265
94185804
56688277
67081504
42950682
6072380
23406931
53062556
34667024
44419453
81288660
10669510
76903888
48323591
99949507
59270224
67143038
48704373
5594144
52391541
33885919
65969698
45050846
14245392
32051688
746869
12330608
89669231
3436725
42589332
96225961
21407003
7165944
63880725
10411708
53805562
4365853
47488508
42514152
63506010
35582373
10310499
93532897
68706310
60897033
97611354
89095497
15945295
24213199
63681021
48183556
80413973
92074941
37838100
53831826
28655801
73101797
94844662
23782969
6561722
82616683
80370715
37839845
14871227
58192396
12553762
25345369
99702668
96139692
11694942
34919168
28607855
28991676
84274410
33530984
53199481
78488824
20540538
43824662
22235960
34008338
55466355
18711409
56556199
99299018
17904332
72442678
4491151
81479775
35893971
48756623
90038398
45187064
95675484
50834105
90149757
62031183
84119848
34395842
80532831
83106128
89053371
35076438
94301785
2289849
9730227
92090796
51227818
44597328
36054401
65104401
27915156
54293495
4101033
34517829
88335959
56827843
80143791
19521488
33333840
51703561
45124479
27292486
29524212
50314604
20141828
74577109
93077990
63808416
77740962
22534291
31638858
70974917
92244187
9681562
44854919
12265067
79683369
20005560
10322580
78786307
43800122
79596148
73737165
61986837
73903249
87447771
95971146
4769425
82760604
42432963
55716022
22951809
15295490
32807384
20542444
63249364
2556852
63694115
86424853
51389682
23214314
83361140
7575876
61117009
34410658
51239011
15740961
95019935
18611439
99990289
86038211
79382357
87561201
44855875
20303205
76882519
69012583
30293863
91607594
2927181
67568601
60728839
80951322
78913851
77271076
102153
250877
20034496
96288973
8885396
92188064
80854173
52190413
37462488
26108071
98594067
49427662
4323996
98163670
20934824
89608291
60264843
34579573
73032615
83843908
99719337
47710699
69471179
88172771
54771650
21356723
36979598
19498659
38435778
70965587
61535707
45116934
427808
17032405
83082651
69864097
5501375
54087416
19719936
15833774
77865957
69260749
17523258
21117321
10254353
43849949
30177720
70504371
67344389
31832922
33477630
55657993
43154121
65316967
44646057
16001989
50227192
79084777
65526897
11138931
83494639
56178497
34183832
45001942
94215548
59086517
3326356
35846231
22595761
75381060
90293878
4351464
89794603
9494654
22631899
77681728
87514856
36749171
10075341
26371670
22174241
22174601
18665141
72168875
95135462
12306055
16045875
17109935
96681689
9007539
55255276
362247
95028904
99184640
71685668
78861532
6089857
76569016
21073828
73816851
46701282
35383329
28916232
50179814
2725749
98933401
93318644
67047103
77950544
86130964
22265734
44103609
21668179
55956813
30393869
53404119
19897623
9303448
60512960
30856893
73854020
12809980
15330408
18772379
61474716
95612615
61837936
2725850
31974864
57151958
61837336
32632753
82681524
53584034
84679618
42227865
97874071
10909830
66416933
92385972
10656631
10791382
440385
87023676
91951798
4259052
83546020
90442995
83922572
91375086
49466874
6971346
6800885
40619459
46875908
82919019
79326618
96011879
18980937
41362580
69981033
77951339
49114219
37122197
46692438
27301667
43046812
92921261
90564376
16802112
86618721
66993540
70013694
73864594
84670951
84065627
38390327
32970721
58954741
11047982
98998826
29923094
24595893
20966109
30197201
65313809
51978438
31744337
73694657
18615702
14785700
77651797
74997504
15445098
56130312
87693028
56608504
52536955
49460362
66795763
96595582
51274767
13670547
36164407
946152
82785077
48691039
24125041
82868547
86151604
79405574
88803673
58191925
19735065
1204226
29490634
84976684
45748937
83953066
46394051
86121383
39203812
95029511
38473154
13772247
42509554
25020973
59090760
32774490
75604373
18213125
68729054
89708891
90347798
1719500
92056017
44138639
48647330
83723278
43251114
35949598
97606836
2686998
41116681
78921451
76467414
41159927
26177951
36015550
65609269
19716210
96135216
97919985
43698129
13743300
22849049
63968981
70563976
98491406
65671862
22109846
7803770
49851042
12400545
80219082
15721271
44692311
34085398
13220147
8243080
3365505
84988656
46813972
99873572
52808996
46856688
59038187
4520472
91786624
46336262
96205854
30388851
17062349
41409960
3851860
57450518
45138531
7813138
34651414
89387511
19309838
43082923
72434500
99744374
97098312
11816228
88207313
40061589
10945289
54477594
49185251
60328398
21373978
32521676
32623499
95335765
34907721
1737469
3484433
47834870
62737062
26615951
74739487
42260580
37775115
33961811
89953208
56078586
74619996
68026259
30271965
63386638
54007375
3291872
58557386
69239496
96175554
1194197
41396039
78236462
51234716
81379790
85375496
78236327
79166416
29607747
97590901
38507992
96346004
30023183
14429979
73508725
15446309
91319580
81073010
49917107
80072977
87453580
8738092
30410433
12899110
5991894
50891055
19633753
31695730
80220073
43158503
74483565
74756104
74488573
17947126
96281265
78245939
84632309
54178901
12142127
4835481
77471349
30125958
19413996
67658999
7839318
96060890
63853030
84432047
64189799
76930322
66058475
59185928
69153240
27918141
39628842
9088667
51257608
56284287
40904138
11084998
30110532
17040329
45666180
57145678
49925717
89683944
34519684
22899274
23253821
83992776
27900727
16661327
57136783
66925816
68782851
80162145
25874648
40000895
69915128
42738664
60440489
7442926
47007838
58588095
77287089
44983673
8544291
18710333
66277653
67208959
99164714
9496246
13612167
54006656
26662053
24185792
29093273
8430270
25310439
790078
34123086
11495964
94861230
82396768
18653071
66582705
14587466
38337716
90581588
97470944
26963354
16981563
86973024
42695
50218648
18260249
29082163
7956741
34650092
33105031
68593246
3625979
3549315
80310300
22172359
5008107
81872421
87624758
99980477
38244907
80391863
23065754
53188973
39777016
56000219
43824204
72999439
42034420
52226489
39253793
79819829
22775893
35397293
73808152
2817253
34705876
69143909
91262238
84545699
55938290
59071399
1504674
49105472
37019901
51177958
31377711
37644908
76317819
31563514
65323776
64588443
69904687
22024149
30966103
95959457
73717501
86740541
1053940
26045872
16034186
50447966
59752314
42264825
43239736
26587886
34552667
16773567
28289854
21077676
97277601
39018926
48115749
60108760
7311150
39801250
77323907
57338749
78377656
33913805
94848408
69780312
86398513
73382958
92184873
52228442
98493421
21322831
11028847
3271830
26081946
31185578
98355759
19697258
72764895
83898507
95195808
16290927
84161721
98605448
71454772
68923310
16617698
63829421
4913457
65922323
28485508
23160871
53972294
34180997
34917394
27621655
24065285
38847541
57106436
44404465
84720869
69372820
58711427
54164611
92932739
1031249
17068151
6107449
9817085
55867818
89357526
94120596
42603933
10650545
79136756
44505867
85895202
61240572
63549801
5195343
47059533
59246716
67843653
23286728
46555129
53895431
71176172
3080536
14635061
10383913
4756853
49698464
78214606
46608626
51285551
64191166
21215911
91597732
9839344
98319293
382660
2894038
84216552
67682022
70648220
88428710
96547486
29717150
90067399
1415970
66915818
25326157
20934843
66069525
27813610
36456444
81013995
62480107
97106450
24360622
56155334
7075938
16663724
93192556
74661749
13734886
8306498
87211028
21049626
50207523
54545581
95812424
4821178
50911
11823930
97936686
76732764
25980846
4267513
36613017
42253759
68433652
39086957
4247900
89632097
800102
4571555
1195206
56958596
52214602
63802748
89911715
42937154
72600423
72350784
13262048
99029347
88861774
68574150
49214227
69460847
39179765
50496108
38179607
32240653
13541687
31840498
45717801
63752757
51155650
92924320
88994657
24760601
39966222
13540315
30424388
78575495
79441744
49763039
93500567
49199791
42694196
63281344
1668225
71763203
72669862
96405422
80743203
54938984
73039538
66502702
16731131
81770476
36686278
7134316
34520069
81407513
32018438
49616010
76393622
70739540
3049282
36767517
38735713
59755004
39289655
75287549
94471404
92134488
77035136
2342288
61099887
45023255
2939700
26851173
28751986
12647520
76039387
32187151
41843514
79812391
3874951
82270646
43995855
81849953
6612933
35235912
1226245
69461563
17805487
29834106
8408986
73365252
77256353
8075490
76821758
41160712
36045673
59591495
4254402
70896030
69890726
20649113
55796134
13068266
96527840
62999190
42138340
41296221
3674051
38178324
64195185
84387041
40103092
46087401
4971619
33791660
56476440
46723793
67283462
22564902
56559909
10592432
81573802
78990209
37686884
60557806
74835967
96359204
17086802
60837718
10688199
46176017
64293693
39816938
73160303
51695300
14388851
71832549
21171395
58181400
64308913
66560177
99938255
65104170
11206085
61815217
320905
85776511
98299206
61507132
46501056
74695550
62164922
6735672
38437619
6428751
28824231
25399837
62032762
18405780
76420232
48068893
16445853
83217991
22642774
62983984
98257065
89178163
52382941
63488547
92920324
65536796
35430035
98018550
21314056
74908255
84579827
78940850
82986236
30454805
59678071
98491922
69260399
92497532
27989548
31813130
26785490
88135045
1969538
73420127
3045718
51125251
86638813
38247048
866256
58685745
63443669
71832290
16416042
95050850
65330282
728388
76304598
71721292
70922316
95898802
4011311
14998750
80816773
72432715
2977481
32892125
35023262
91836029
83525885
44664278
26456823
45475000
51174109
57234798
83761598
4253697
15919522
50181834
26310229
97238835
69793943
13371643
13610275
69901751
68020247
18417330
31312397
79418780
11931864
597544
50650382
64179114
47656334
80879652
13517360
79684971
25551650
31698366
58363593
83447164
9655491
55929317
67200451
34857244
53862744
62498896
68505928
29735018
27681620
17624282
59811409
29551558
95572028
52329885
38978835
3474622
88735460
66417520
22673564
14980842
85490312
52714962
20582171
94071379
84957869
37681072
23164757
26462486
11286379
56512612
5092112
95607475
39935631
65102284
21266512
40925186
73780946
71458288
24020564
56575645
80990807
30330394
89552857
60435681
3668450
28616639
99551134
63604499
70334745
1479873
24574757
87544725
16871692
33053636
1969413
18191856
71661175
30482474
45346018
34405209
43797424
98892148
67820814
92541559
29681018
46514524
98416586
89120223
8677550
35851913
14702523
72590556
8960363
51866397
68696024
32867572
2612173
9478819
8299591
12888445
93056774
67830152
6514468
50934926
37036295
64667196
22190446
90378796
19894407
93454911
94765130
26890108
19617812
8012070
20872725
39031668
27596685
57684138
71427240
71166602
74650608
17143423
4986232
92411078
2343066
90587519
51784378
50835585
45724844
48771079
77106392
23778760
27859049
35531500
10059950
32415195
26125179
15766262
78215015
16971929
31286493
35611119
56683624
34063530
94940125
87584121
87092959
91318466
88629774
97790110
30357371
2494772
17682935
77745246
49139256
8730282
88694805
12876983
48636379
11906208
72160657
20178417
14167316
1814562
89332981
30376538
85264519
49029027
70643589
41248660
74960489
77342320
74002513
26554800
97915242
48262432
14379555
34427546
18722936
65666473
57650995
25945739
5812139
42739732
55575644
4034010
12140080
43175539
25202161
14415047
5355593
59185441
74998597
48960113
55418016
68152312
16741601
74181644
92384508
44110914
73380596
17260530
8315461
67455089
83284744
7037365
74512447
18614376
28950315
40316698
44758772
21688116
10908759
48634811
62707387
10496268
94859378
14010792
89546465
40786526
99822478
22068092
49008408
53418843
92115258
6882015
97068516
37546086
41977077
67724624
96452332
12170270
3319025
57771262
8079476
42775696
51963109
89496951
96130473
31490173
37456195
97325665
50883991
40130878
43391091
10932082
61837860
64052369
1413903
67210987
45844466
65151733
43781442
95084598
84742642
50112127
18618035
29432171
11496450
72440500
83016170
71827241
52776084
32615959
7294393
36637763
13961818
70992804
35060388
9662965
43352282
66033903
51089888
61387785
64735889
56858113
96207307
68563699
68344442
14485667
1784819
64271625
49819533
16976147
16459078
546785
83813281
26200892
56122744
56450416
99892395
33095202
51379467
26591146
8506689
9096590
19021426
26133056
25660952
74385711
59613496
58814601
22384015
50935875
60404288
46451251
27641481
77161172
32116500
14856056
49417434
36657450
94788329
36094482
70811175
63722807
70548192
28123733
63186607
83574234
3826958
41984160
38374709
52302492
66021515
60518177
23282630
74973417
92958484
32242818
38788775
93781546
64374545
34305711
53686706
97984258
53516278
78770769
56992726
29338371
50953921
78986961
16420788
28220569
15028459
20193680
89896357
33621169
97922614
24887985
43813270
73436974
55241725
30459317
50840845
72999501
70333169
6371622
30697233
24487549
98453270
95176188
17804457
4685074
28284016
52409466
49659820
6588147
84408324
7051916
20685756
10723197
79348679
97495726
77457432
41554523
68196578
83761157
16902264
71254348
46878002
48423355
6829841
41582653
20917258
1797638
91830871
52673030
83218243
81550374
98625916
12949111
35843195
55785464
88991163
47332340
73604756
36647109
89414285
71739574
62253675
85174161
14388301
54969315
81526665
22087941
37374360
14863965
62869472
89856541
2248117
98901478
19216666
77809799
20182783
37414045
40603097
35212940
93579646
89354369
95810073
70256678
18649420
96474139
1047946
86048905
32984866
59921743
16735614
93935381
58403608
68657490
32667962
32512152
26336481
20736345
15656369
72748029
58180144
63013469
95234787
4215113
89251920
54595079
21824153
79873639
69140917
45186916
78503285
46359338
98146414
12600866
32455332
2499857
94787377
53212330
42520304
86848126
60277464
82413297
83519259
23350649
2729717
97617188
33010970
43993436
92187913
12738846
21197120
99105437
50767293
17558978
30289243
32217620
19471182
81841463
64631061
52973575
1124755
10395896
9807279
58029668
3258191
55679472
40226608
60293953
91289523
13579864
15690953
49479346
17250714
83806142
93901246
18088046
93559174
56632637
78222773
77472333
60330264
94258107
68590618
13588710
20390519
45389862
57732531
5118470
38772814
19239078
86570598
62862610
89252688
50387138
95817716
62390588
88392439
23431439
50955716
61070842
85125844
10536551
60457851
50569687
88009965
57283901
64336510
19972440
27857403
42274177
89374345
23266980
95883709
29830400
41157720
11687388
93164242
97305005
92320023
77606329
17100129
8969811
77892184
13207916
92952173
76688271
57860732
9629830
15875381
45752196
11049997
92529383
52637474
68849194
99961414
42421136
96623238
50706402
99727755
21012316
50652663
83528097
48791424
66081655
60461396
72833277
20129227
8208968
27824537
49789843
85305764
85655972
99813618
43246911
28952495
85839812
71606665
26212029
25551487
78597601
50095066
24792647
57745180
45077705
10115620
82198124
43555261
91295870
65564307
43825809
27261008
54146663
36380878
93712140
85050992
77803325
40091342
28274383
48736561
14568632
30692070
72072024
38648851
39840506
51382586
26026622
16359298
30918974
78732352
49675582
68498364
27526837
13403964
87203604
14068321
55887182
81411850
57825418
91827079
65497476
15494109
62093443
94902075
48886435
58315836
343197
27767607
49876582
60707240
26982642
71114478
85463450
93867580
47087899
80422713
53273471
14675346
9327757
8554480
43837295
35718869
23204271
65821909
54391598
43513147
68272363
66967316
24180556
62534429
49055041
1887628
85756578
58723865
12189126
23462615
22658063
93333297
63421493
28143263
66308930
61382696
69418810
84657676
17445695
35642912
73718059
18207642
50020692
42949385
79432560
50462330
23041958
48265885
21867812
80209211
43444578
26263041
64099066
47770492
44679024
64599016
13585967
31204555
47909918
42320803
12485257
53944938
61950940
27525354
35004482
94042089
90297567
30216949
36582171
12588761
72203114
51476197
71570763
57819251
42873049
89970163
52596362
30191219
87554514
6664280
50161888
3493990
5525294
59692348
47748462
98747111
94088618
91012886
21991915
2062451
26748163
27475010
174212
1450858
45525375
54667660
71300339
84591342
923263
94726932
60231717
61662027
26081001
78500069
45312813
13272400
84800674
29823807
65126645
34963749
37355774
10044386
35067283
18680182
70419891
55069495
84151719
29868461
52528960
39294771
91977875
80376418
8194906
42632078
41504862
50656213
94444164
55157736
93871816
34432343
65639300
72677795
64133692
90240802
23941220
91979878
57865516
93048324
96376300
91410304
22197148
65531544
92339064
7614688
35742422
4259728
85283853
27791397
95802387
42359528
25043985
10874956
60244684
23650281
41604125
77901240
61598859
67056940
32129944
11860941
15859468
30426726
93319101
62083686
67323819
34114473
44276352
30139663
50913946
173543
10150289
52197514
1773624
92203244
70902928
47824934
81528990
54676803
33942190
78399261
48864647
23027023
58734990
9378329
38598657
92031719
60997726
30134378
50145483
56076813
32950436
2914990
12418847
90685276
35520165
60250744
10082431
59582289
40406836
17819233
38687616
25968212
21007863
70754703
82016075
42442888
19721054
37318194
20001725
25359247
45215983
68149077
15299915
54824458
91053969
61030886
49183302
90477251
34783765
54265739
87546090
56923756
22077021
97290765
53314470
97070393
11624941
26802043
17662917
46298227
72211906
88697489
76809824
80522491
56254108
4429024
88572890
12053750
21540778
95315119
43585642
53089971
29393671
9139965
82250160
44204935
57404182
4376232
76543965
38639427
98763272
46857620
64654670
83749870
42741028
79529186
91133068
71617496
33389732
59862311
98897990
62330418
35599457
64156090
99740999
56482576
7657939
24778382
33643838
80166539
21123152
56975307
25804522
90048849
17263909
96668302
97616076
26934332
97160357
27736288
14058547
6768824
45856991
88316008
55315611
40121015
17123244
51766148
6459903
94157366
1584736
82539727
84359552
8515380
20178695
16478488
78312918
48619505
70336017
15587854
67609237
36928771
36074884
39133053
88170352
69024241
83802027
67995490
58302795
66194807
40902495
58254148
4589194
86984679
41853293
81396807
78958280
61331710
49640108
26445376
90685170
34063278
25758011
6709976
38868716
38220734
90607081
37783284
82017924
94060737
57560291
1834874
83027253
44001619
5124341
91142383
52483994
59474283
11361750
11039986
65189844
56696362
19233718
83010203
14881900
12006903
11060646
21016751
61815646
67085793
76533737
24360750
59560406
86910409
10579824
34968365
41047199
2924052
40177536
81928475
69382061
60787390
1157010
96796290
64018508
26735334
48583336
31991507
43196209
35857902
64795056
20732613
68844564
81166095
26663442
93882079
52859990
21071572
24373262
74610856
43499561
14421094
77838601
45164460
35719485
91195338
39152116
36068491
88955684
55091758
67651575
85213576
5975826
35406943
27305377
2303301
93754416
67476497
9642766
19507299
51316371
82130539
33804245
78588421
26879575
50426941
21197454
31529102
48742246
81953834
34304789
6548091
92681307
57255504
34647220
44921681
81235591
89249474
98522881
82977137
48383307
91141655
90373163
54279563
4541545
50191418
96445544
30313920
19145019
62167863
36894908
31348412
94904669
94723993
37128426
21843965
70633187
4592484
6996478
16131366
84376188
30353584
68410455
33090275
67476751
17836900
43157049
27939037
81575257
33890423
64737523
50722454
52681622
12915055
34704990
41500951
53766883
81197336
50434665
29149447
67290784
36391511
21011231
35626363
40902337
29028097
83526551
52673379
88648223
15972153
38778307
79215508
37990791
88945345
30244647
73398488
21822454
94583168
56776712
89517256
7334816
14497892
61748479
19900226
33504443
35941446
51885118
37101370
64580343
41745007
1174006
92804440
3157603
157503
28949556
35882040
18634948
13720419
75870169
22631265
66232868
26606879
5510955
96144501
18665781
89815144
32603569
67124418
55736689
19917940
81856848
7201209
91046971
49883930
92834946
13757045
62501754
71600169
6545443
86284228
7729343
97980766
2979311
22486812
33622316
37878504
98922581
8249111
52743227
91524111
81210468
92986586
50893374
88332320
74144432
18373959
62543956
86995614
86037833
10393188
73502009
73918001
3484896
17398768
61593447
23863486
90858911
67708509
26981525
42511455
63289671
87742218
69005667
15285797
37331241
33395061
72174904
74391307
3567732
95766567
134030
61388223
39379179
66694936
62549424
50892345
22760970
78420374
19826313
33877253
21173209
91638544
16725319
20126880
25918673
67722359
32391947
82234736
57201647
63991974
5112625
88373545
32251080
68594882
8166245
54192542
4385449
21599864
33937986
15554014
7340235
52873939
57119617
66062888
82892385
89361330
65005540
96710034
12640031
12747369
73285241
62736467
40282347
4982805
56693694
76756106
5475742
81786282
72475355
61506993
15388080
16546094
42206240
66162968
59748280
85940795
11163646
35519184
64312483
18458845
18453686
26150562
29133250
19548767
52899188
59137111
25763051
12782002
89881755
4878977
47118514
3137088
91709468
67848690
10093721
25683041
99842585
45670926
4821664
95903202
56094689
79832551
73044707
3870878
17084685
6120612
43022762
46412008
22879654
17582042
98280277
57646067
50116682
6835750
94123560
84730514
89154728
58929549
8464836
58401320
72529706
94554977
26728213
55991443
79327690
65339259
41333176
24191010
73524944
92867371
76811624
13802923
11100273
42794569
40254730
71403917
43024242
46543430
47507778
61988475
68723167
60749252
11343107
49227226
4192830
97275706
28743583
64598224
92952961
66130086
81690983
89847157
36071098
39214771
39583182
44408359
56335665
20551453
31844202
34134371
21608886
36506686
61008886
73195873
85439262
36426596
68854395
80626684
98719560
10812197
42374178
78676884
4997171
6429978
24445839
58289082
84404517
86638614
61170919
81215586
16207666
68912528
9932292
7683585
19116955
89481885
86738063
12442
59805645
4049076
44892414
67020673
43688693
773283
92183430
58724035
27053015
70456310
14422072
89375257
2502887
95943918
95612266
50666599
9500662
26817288
33449584
38664990
6044539
28075747
39411355
88588613
4071690
75823878
72982066
91656060
19484501
11418519
6936962
45967800
98938644
41063579
21533399
67667841
91704348
1679197
32001267
40125634
86552451
33620804
7307661
7093447
79448266
22986734
16638971
91995326
33541597
53631932
29107307
42622666
79757856
49252332
15074991
14604996
9412217
44974253
92953261
77360047
78382054
34032655
9233107
48370341
39700719
86830690
19279813
25013756
17850969
87962511
2277946
55949572
25993267
26705234
57430503
48262529
56383343
55563063
28523958
516967
55415133
12018226
35329563
38531999
35007079
985518
62155322
21344587
74701162
63441261
70776392
67303087
47796879
308079
34684954
98249968
85905224
27551630
73830436
95869703
8556421
58163198
14237831
87132800
6527826
97050935
18493058
88049326
44935873
80820114
21952735
47206000
77409087
57919043
98068694
4215548
10902306
61592621
95908903
50106722
52689563
91111834
73866859
67797424
38180815
43899755
67752461
67240125
15585640
72340016
93706110
34755877
27217550
55638565
15661016
63223431
35834038
96164325
15953519
93855942
87832368
29669473
86720920
36157818
17511384
94162940
64017937
18973035
87211194
73314704
44182984
416442
79526955
68675669
71369054
93531941
61527591
83795792
66212822
38922442
88985898
76758361
59318111
71917021
36064144
94570784
53020669
16392350
2342961
32758202
87813187
20166926
96823611
47560566
29129723
65160713
72485498
59217383
44869745
80775140
5370648
67611879
74316693
55758025
2756890
76723693
82892292
93678391
96719288
91809192
28006815
5495522
56482142
49446723
67143227
31312205
11583629
45273078
42840983
15007835
96366179
70877127
1680645
85343163
60391998
94376471
73410093
35431820
16864386
37931797
31491582
2827788
32402416
99812635
34642236
57017947
25566686
17523505
99229773
60158153
27770557
60733977
63414904
62256672
50951632
28821822
62106291
37755054
98297284
39614411
26651845
98757341
15063483
18966567
78829191
44519606
17145390
7984765
32240275
9972516
67595947
92071600
96113473
94205582
55635071
17997457
24058904
41988239
24660244
75451562
82824765
17467520
73793995
66519373
80190661
94019930
40947417
48777297
2078861
81811375
70512165
94706223
29666707
29666413
16644812
65227127
78260441
45008884
18709404
83392424
37879052
91704130
21859398
52583570
8861265
40294229
30223185
81283505
40890682
3183996
69772094
92603402
57881691
64725381
14764690
40116050
6000726
20642967
79807035
88010428
56042507
39588436
16990920
10849732
43074180
2574
95174444
15614888
15351642
69099326
98304159
53578671
70942833
95661728
38006970
13504882
12987250
16026375
32707469
33798284
10761912
22212667
22767138
72524889
23282366
6296321
14048901
51000563
13502257
16139132
52600206
39475794
88403529
92571842
31710659
84581779
76681746
88170626
61092140
45652385
42719322
17672397
83463517
42899448
21173642
52149137
6884550
19913841
38738187
85212157
50193779
64945769
64291401
37676888
19321776
37423526
34708585
15202412
58151044
62297357
76422393
65419618
37482363
94687906
75915807
95526
43203798
1193834
90053405
7644250
419002
87841929
56538502
96412694
15037931
2332986
18553908
16638729
10654390
32351368
56673145
32357220
516390
78979519
53353551
89636781
91104544
6202485
7769961
87620665
87078810
75861622
72339062
66161196
88613333
2729417
94018590
23286710
64267088
28179614
88291929
11438103
48172679
38860422
67015021
79433522
91328992
74495006
35326178
42469962
75692185
19837940
38552339
4274915
6419839
97436295
41863211
20051732
49617537
68155285
69755375
54451187
74238971
59263530
85338706
417680
12516466
93787500
45989971
77622027
93172523
50509348
95228181
60714194
56326014
90322423
8589023
11637755
75735642
24240828
70738774
78721718
18668563
54591263
12095650
77545990
51813421
34365459
14751754
53103923
8026620
7241393
92860433
85165642
4558404
90012488
45379998
55201537
68873115
92778524
32847297
56078803
8561188
65584825
74922081
67845359
49989937
61666913
13857239
95807182
82637751
90436597
87538178
27790744
22566724
56342795
40433145
61178444
73401371
63887702
42010184
34721217
20082185
79475675
15216152
662521
7803408
30648366
89969209
53274169
86719563
99481587
27165808
28036410
11917011
77030666
8264664
71435839
35770743
42847579
98069592
80768833
94506244
19409945
78412970
19352581
94778301
88634608
68268654
69850337
60313551
8646978
34236437
49572468
2422818
29329251
28934140
52853035
38416683
12286455
71071056
79099356
43787164
59081231
16838994
10384774
47012981
8904013
42570402
6795467
77811054
82168925
56212575
37412345
8882975
67455413
9986356
5954117
83458876
50960553
28598140
14529888
35691023
61591133
75645280
6470360
38477056
3165106
41587375
59349677
40782341
35216948
34347060
98961958
14044534
29785032
16387647
46650513
28594954
984843
77560427
81216546
96896418
70083760
78340354
28167287
34991472
18209399
28096290
16742028
58788459
94893575
42549015
12503903
56794623
8946118
12157816
22432659
38940915
41529349
52443325
28347227
5263622
46230616
10592483
39182498
24994562
38535295
33502803
7574598
40685632
95249400
41535650
61776420
55624024
49735020
77561240
13997848
51391934
53406212
77203156
77092178
49208490
25982877
39719122
54768705
2528526
99423547
17039937
88668164
36500736
64144581
85506053
63812610
3012723
86496978
1516013
87122778
32651109
38747690
58357586
16067291
19556144
93624832
95187906
12918866
77296977
82525941
91367434
86737113
71199895
93709704
53464283
95260691
56940404
66252166
47129401
42351487
84041548
87523688
26521762
29536139
37759292
49836854
20372751
2726494
77147678
97344100
1800912
35864145
16020832
67760700
51082234
2162627
37939177
80647143
26140849
32109752
32293836
55243336
63789936
78840313
5868546
50972892
20511979
25182329
71290248
21197485
23724056
98275524
472290
83265636
89578888
41345394
51854524
99897882
82517311
44647668
52229957
30142314
73858509
60803599
76137674
29911533
17500321
56294222
17226383
37998518
96098572
20483369
44312671
83261512
83196277
15301776
26034953
4417347
87179274
22858886
12908449
74547371
93581433
59663470
42662798
36424112
50104793
93427885
93642876
43670532
41187937
21631689
66159972
42155525
17774994
85028945
56445803
7664346
27058227
57899271
1881439
43756056
11985003
99392028
46603141
70895346
83537357
62176192
5934494
7402825
77363872
81508075
99334655
89300247
52082217
10919102
45767015
70703840
2864454
54509506
42053194
85172938
42518321
57295427
56229142
20936451
22713197
48943206
88445032
80846988
33321551
4546954
88459332
97917692
33854644
6498463
487632
44181804
70828448
4526438
29233284
67723823
3252917
70265073
84757918
72412248
23996
31453263
43924950
86253082
93106337
55557738
90544199
93458495
25218505
29646573
42164331
88876073
42263847
12754619
29617171
96073471
44812045
16751219
6372610
93313714
95418510
26710152
85121703
85567875
63002526
10991431
77358277
53155723
46234883
1644822
27786204
83714650
8054328
2124120
23455747
78811552
47824809
72449770
43307074
13461993
18446133
77986842
74917386
46914932
59015494
23891503
57600235
40172966
26966659
35725165
29365514
56482504
18968437
27813452
92792947
10387807
47928207
93901334
17839151
6559380
15789925
84831820
66234238
45829880
85468707
22703999
29611912
12114723
32714773
48665868
23193000
83116736
87534419
27988218
36752888
22016285
57515847
64268232
80797339
69727536
64595958
97659041
37059306
48217850
83770722
53716612
92040904
48361470
171676
37299858
50898040
38293990
2438748
65865527
50708362
80902774
70766073
53926821
92777475
55148640
3645764
49485575
6074972
28944082
57794948
91862617
37998819
89221064
41126161
3562953
44618727
88384227
4666629
77325570
33881965
66610893
1855151
32484543
63099741
99297010
40709737
65568959
94457371
2933679
389642
88890727
63642459
24699739
3056849
70990696
59031254
67953063
14702922
6184044
38660239
824175
48655000
64116505
35571636
68494967
77182000
85644258
15698048
57226773
52640065
75010689
86908140
38792483
97678486
97481764
5977699
97014442
7361180
55256922
15123201
46891036
76834367
48027590
46400980
43578201
81613927
48636552
77062270
74532360
95815510
23406288
45651974
7274548
60279945
30039266
88376395
90376674
75578451
53866730
89912603
30154463
55649611
59187122
47709621
89516064
18693098
40295354
29298954
34450098
17964118
24729284
83239932
73227542
49593869
76337479
50410623
5959012
55337906
47616426
18846143
7697564
37413811
56449063
61397571
13243518
84804408
5490674
66841565
22332406
11614005
69145476
25442963
77157934
53912217
45963332
88464048
80670406
38097786
54473615
12223624
33569097
85645552
86776376
87784222
61921659
60122871
43726747
89592425
17266601
46650945
39723735
56830628
4107876
49898975
41411773
59842349
79569062
21761927
2970065
68574995
57360581
84570000
96784826
15006422
29825733
60628699
51713723
98351236
85653017
67868740
7588641
11246889
44202067
44469872
27143100
43458344
60303254
81604199
23997543
72699150
12148263
41352671
68374402
85003023
91041812
45925187
72695319
43533683
69311003
24292702
80232730
73726006
32543724
19236180
33926572
55686807
43592423
12642163
50089992
98876366
3064864
32841285
27690725
59605572
6071999
43973185
1867662
52070348
54052295
78495932
27490507
79515122
16830714
57074606
73170373
79805946
2297381
76475164
16024509
17567009
87354622
54735759
92371626
9916071
30348144
82784856
93930611
23339309
14919997
65856521
92945286
87497128
83612806
12593282
17081685
16307658
22796750
16722573
51564341
96834175
82479784
48905156
61874734
44627818
17685932
43640823
68324414
93705763
63018243
49740276
33742286
8342518
69663578
2502083
60910394
74629218
77414241
88375753
83667807
57335776
76370021
11950141
65658168
91609866
92590902
51489838
40062658
84621111
22055925
96602826
24928993
60976737
71992372
51510199
70480727
84624751
68876510
84349459
31189231
23679880
35857861
3545168
1440750
7568326
29792871
66631730
74852153
89511069
38406339
3779102
43031459
4012714
76031245
15132418
38850949
2115126
94932918
68131507
63008431
63870930
96850627
74416756
27982686
51176329
77844259
81660204
57687135
89447619
33304082
8994941
9270656
32512140
31339033
91669257
76384743
46622284
47643454
10859217
31775837
7377690
92603931
64638090
63176278
81432198
82068699
60246781
56808213
75264300
84416459
89166277
92953128
55468695
11740545
2261644
8658635
23958331
87107754
10790467
80105591
26766123
44850907
43840416
8165164
50903979
69430544
98394900
37186144
40383763
52967677
13577635
68627585
70485440
84658793
55152372
85927522
41256357
52270977
61870242
33119400
29979518
55275794
18173719
30999350
6996517
53806513
45776047
36245197
29355201
27276430
66921151
54532360
25899244
77384576
14026382
18745521
81878291
63608428
14779881
74714160
12505232
35201955
30809690
87956278
65206351
96418659
27572916
28796717
55822418
57607836
47729875
42119237
80864607
1838540
5718682
15232482
88740485
52253963
42585854
38851974
86321665
40624890
41181534
81386158
85392615
92220227
38350667
95838706
74127579
2240955
43848886
71502089
3851374
61849710
77747003
34385812
4413556
27952888
52313769
55114034
38074552
52101988
31404291
9691276
39976955
56203091
85410399
24275395
25301798
55417194
92723438
18504494
19448611
49857055
61566423
92836170
86788192
43740456
71057218
22309544
31740296
80818996
754694
79953190
51238868
12535381
17872122
1810382
82446295
49716167
81560062
25252081
23593221
45841099
7199533
13789831
95694611
42733881
46138668
32619301
42545455
60694086
56580802
88721610
92276733
24262047
18050389
90236729
17604374
9362373
1553199
65722158
27786270
86050553
52317694
15816925
34733734
85788884
46935775
88848732
23638528
9181868
29630551
52349836
49286293
58666037
33680699
76401562
9085913
57196650
25467901
84104934
85883213
46842776
35258640
96963445
52471118
17297874
31310081
46199967
55815548
81216513
31593225
98788377
86469373
35824882
14920967
63609336
92217725
11805477
94806145
73167447
20208277
39113089
9609940
86280491
10151301
47380123
2048024
9902548
38907152
96872866
72904567
22091354
14747468
98463086
12049613
43058423
56897723
39866921
29357786
74235376
62384003
49977229
89913402
14665796
50526164
69629282
73545159
43368616
80369672
74879642
48323359
51106348
80238575
96460958
95216095
73615820
74236159
4883820
65037844
58510681
48251472
60015517
30900104
60708190
83872606
68493410
17275159
27684985
61563519
39141731
26942303
88045917
26900347
97705207
92831207
63823741
98769086
76633302
71019140
70683250
82949710
21949268
90906077
44063351
55921551
45015561
88815301
66456455
39323108
93139924
99938100
53470747
61727118
74168543
1995980
69324826
24788625
78463071
85344023
16212090
89528921
98728502
22210407
39645548
48085177
5400688
8314250
29231464
91163729
73700660
59708913
80857438
46981765
95042167
53496045
86445010
38429371
81930270
18589735
46136623
17280341
16038958
76501896
40926207
46859408
52106124
674796
70807774
13915154
2119682
73449899
12106869
53426116
70777932
2168559
43212504
7680239
37009831
55223990
83747016
15624304
26126215
92238176
929949
79673422
52639117
751169
88591852
87670957
99052448
92911534
50431941
85575115
31338828
71682455
47889194
69834940
10495479
77596297
9396378
59307006
10064242
95412054
10352275
53915918
92943080
6808860
51411730
56506287
30155252
41554908
11279375
17534832
81132469
63683670
18479971
32036121
35766595
89476417
59726367
26753695
76545341
79455346
59184910
21921479
9038304
54206917
26644862
23322368
74663242
65710179
89993657
62736886
11358740
65118536
83484939
14668260
60613986
92138119
6671138
78694646
39379502
1124794
71346731
9752944
21499325
55232366
97157041
78658096
50837899
36750888
85444121
16427745
57808596
61405551
32592584
59012405
77157109
20099825
96317764
37019455
17917005
66937543
11879143
75456142
75420430
29181381
575422
47656873
74320058
73435854
63000420
28123895
73288737
89474933
46098790
57632597
61476771
74257037
68745985
60926114
74633945
49001379
64281470
26689329
35485440
2569757
39886779
41284392
60835801
2845919
29904946
73880950
37065141
88838741
41914109
97798604
50824194
98509945
22129272
72676317
80151579
2139332
7591051
23515973
89641496
61167179
21028402
63008459
38307491
79387201
39828224
40398998
55628043
90775416
38356396
37658499
36549260
39902275
63451588
58019440
65264619
67981790
92150132
77388882
79427508
49632342
63170559
64531130
62885530
18362465
38841593
72735028
45470593
87705138
67824119
48538
60402519
81840692
37479776
14256747
7874172
95613997
42128148
61691892
54361317
15275531
68542897
55592900
7473001
60614601
49802157
29466951
1668874
53045686
23482017
48850261
53283390
4243555
70530982
99617993
99353240
99515372
50860365
85926718
23539470
87972248
77428516
90938735
44519455
46218029
58768140
66197815
65942929
80402481
47775188
29689087
83679688
18493493
77583539
27595710
47990135
39496588
20412895
51830030
47243105
79735247
56453392
13807111
72526401
49941337
28497918
84181511
76639434
93876078
58336477
47051768
3662693
24131830
55399695
17715565
64347031
89730266
2751963
75255538
99176573
11596670
55854992
66519493
82543480
87448654
1690490
71443506
44514169
28751195
36109774
58181762
32124908
83317611
63013911
91936450
57409559
75297183
42948910
5002120
25168781
5768348
92066500
30978639
14488896
91325359
47381689
63229023
89606180
82534173
61483262
98000707
44569339
85244996
63365347
87725986
42788650
42366090
49887126
31404200
55351517
30551742
48683795
34853123
5286222
43542898
40633143
17278552
43376538
97024616
55369991
16509072
52970057
7116777
40652311
94904812
39244215
86747619
54033123
25825395
51596312
71485944
39280960
2583815
29835589
39355404
6155287
48343322
9603920
82621596
99603987
61844166
78789309
65155855
11327495
48458150
97018241
15906918
21226450
28085501
12089704
14242577
13148557
45056423
34003726
23742193
39656861
37842633
12084689
71459879
36151438
61235068
57336035
80554615
38572004
83707230
58880316
62263547
84469867
81687147
89992236
64703629
59690584
48873628
6655313
85778616
29263033
8914918
96110367
12122224
61213076
89249181
64486890
52661435
94159615
28016242
83326096
90106350
5188619
89595184
58483282
64791247
2598039
70664523
29755143
10740006
67513791
27669771
22775993
11644879
68339886
68971505
79798577
49911323
87752652
84486143
90581614
85020993
66454561
32041285
12881194
61485125
51918720
7531706
10875277
14753835
92376409
76081835
43272069
18681033
65290378
77993805
46129722
94646544
91493767
46360242
93026220
81999823
69862268
95652420
57190934
49522453
42956439
39850059
58716294
71372972
20491670
10058403
84132966
89220184
38536897
15696772
93531789
22727503
56698796
30739684
49183291
11817593
58249244
34961344
18449943
49299655
12575221
86511561
79163301
56334886
26750897
86784500
87308881
51513306
52639139
6158213
65068416
77848511
12190915
10394120
34534393
46390430
85142678
97636511
57618067
81938840
89030925
24657
30449509
69577499
14911088
65110634
71350333
55309358
64982912
92954543
21521202
6401378
10481029
53254403
25673001
68187261
53435390
43860176
53285915
72235825
66949681
59534
87337790
73563211
93976742
97129082
52437784
31583331
95417779
821344
84361478
59458448
55377793
26706896
69644540
50567507
31913105
45145690
64171841
91249726
25987813
18788876
94040930
47952412
85725643
66778434
10026531
69682383
56649462
10469708
7936742
6881201
31324026
86608564
90109960
75807935
49466810
74205678
42476461
2798637
74484642
73758792
89268319
97089839
2953502
36121547
29476728
41491871
58301299
88461097
99533957
95919348
38454560
59882312
13823688
6882084
28704163
99313952
57312129
72247144
15617892
94358782
74195715
32385232
70331339
92848681
84541294
78969061
25635455
56411928
28782380
67949140
79746930
5273572
58843244
40985702
44096635
67843280
29222945
56882759
12458703
13211003
4319193
80849614
88939660
83130144
62136701
7186583
93980848
78571967
15062377
32909662
98308148
51102124
66461158
43067585
13526094
9809726
40431017
66557433
52999079
58076076
93287775
97009667
97185414
29454886
33274833
60336121
67477732
39682734
67404904
62894186
58367651
49642262
14608758
97967844
3100586
73674472
48514335
90970835
85028809
76761028
1853234
71837126
12863570
86319098
67076634
63157237
9196552
87431198
33662850
50872386
45361984
6489619
48399856
91608931
20722169
51049696
48223567
53763755
84038181
10533464
71718563
30060627
24095725
89031931
12222991
84198439
92010032
43034920
41148921
5853830
58915251
48454215
432088
67894663
80675433
20512458
83078913
57070293
73607981
64791054
24349646
72094854
60882736
28744963
75687010
95756557
4091130
69646229
4061664
64271529
60379957
54187935
44791859
89511770
28092111
34348779
30117298
7730762
51724703
80081178
55127705
83663622
70120496
77778555
92581571
48401005
69549312
96091752
12794400
3302052
94302756
99972883
30669056
96638906
76998358
56493412
22130962
27456979
16593889
47882667
46010498
46841323
10299371
52221297
73497586
72014022
76711114
44442161
68052564
54167724
91628487
64569488
97323669
49867746
67272542
45643688
49599537
28345207
1561197
22811563
12033264
48015160
32843048
70465732
96307764
23918619
46578016
67026440
95504241
39434928
15496472
55338048
63434583
15657634
3572142
57390389
15245066
80126240
78332795
94606044
58092401
12662017
77661898
95233835
34699399
53219407
82732819
58445234
22285394
62845257
23777880
20787494
48752765
84925767
18827804
76223108
2416461
3731198
99545483
62099905
50174274
33718974
88614646
10666756
42883276
42169336
2995240
11583602
13640164
74321323
70429136
86175443
22372933
36531653
74666803
45315853
43369633
33373112
53667739
50747540
61299223
64293976
93380677
4739990
32194193
55618035
51692230
48824113
428009
53529663
34689311
27187458
13100210
53233935
75776332
1269268
21353296
28237750
28206434
49276186
14627080
94957366
52695259
52396591
71710076
20092400
70232976
68973582
8397842
75340110
33741701
12284741
87724249
69262278
6062916
75292362
79001819
82617681
99820250
77377401
22052525
66175993
42207303
55964386
36415399
97477922
3573059
63523830
42101628
39555753
53765963
98958640
34952667
25111761
61647193
66562220
8719062
90366763
78318316
21693016
92997375
35976797
62295673
38630535
97236092
25609708
69545783
77175602
63727537
66944477
89592653
49741111
68104115
29018566
4662966
61343290
55688670
24633934
71484015
37524017
17019239
73322235
83921081
42594182
83401675
88841262
60168482
85734401
63786020
16351632
72928924
59127200
91565307
92676110
41526448
11188839
23735919
88916577
27668244
48924611
88180379
6209720
9492481
15638356
36762023
85221731
52275068
84237152
49910745
9185750
25564563
6655528
2684222
50056043
4512660
87494554
9826094
75455675
33214102
11493784
84100903
83315279
56814041
70412732
28502600
35593431
20760169
99539313
59327484
77939330
99909758
23935306
24094817
24182976
12096526
39318503
87349415
38026236
2734164
79453454
56099335
27102651
15032942
17909910
36340857
28063862
10499319
18883734
55456477
16354731
23252348
87511454
66106432
94667419
62818039
64296083
36607325
41227477
86277773
99672127
54444792
13989431
40608353
5760383
52076992
77454474
46501412
75698428
73574897
11279376
67442689
43679665
10004529
37707447
10603192
52216925
96519550
48131670
97227684
63440996
82121661
53263850
75839731
86518829
92927491
1154315
49365220
46130004
89614735
35978671
92359912
41590134
66909709
43758438
9406238
39507687
19087668
51050721
95941139
51754751
7476814
42074426
82762619
83661502
81543428
73549274
31381279
53580176
5786390
38456106
21727788
9111545
87952339
93844550
6591352
74252924
68363545
28082064
10635857
7051137
67429395
69084353
54994946
12873963
33031268
61970564
78786728
30659260
22127924
10807403
28839302
14093904
26842318
14230337
34809362
31012529
43304579
25530559
88193489
94787227
95475932
43528861
91648574
59953274
63553180
15619602
84165890
34043272
49581242
20438599
52721725
79418732
63899686
17546423
78683367
42995441
23155750
55149408
55945496
99341009
26925094
337837
53073330
96338088
23243652
94923537
6202074
59276633
12252915
67121085
26307995
73166914
62809139
45822369
89120983
74405650
86305211
39424630
17841412
49748909
34129563
93567972
94440813
38456481
92605869
90473007
41196242
62696524
30968545
91716324
34880045
47948040
90641827
13387996
26168483
3576122
63556848
48607422
36715367
29993511
91238358
50098592
50367259
85042183
59613155
39794438
46969971
29228666
18111657
86138756
15741616
99473677
22934071
25810128
17382000
74683416
953192
1819633
69838095
11775857
51990105
18803419
71277370
15224882
30616964
18737611
18792882
58307606
42188250
71487496
32444624
99326650
13852083
55096540
58455415
68653336
31220625
40989978
72859502
86329281
54886208
83748733
544478
41179845
13762314
15018883
2269680
1083179
2757914
69783895
92480434
18821689
95920335
77541445
34751958
78531663
35202141
38181864
95136082
2353511
58595513
6041861
93167074
60954626
80203842
32745441
77791496
37347446
79507219
14337603
88974011
59393164
1739975
14202487
94859294
18710474
34840765
94594463
40828187
20159125
8835228
65954550
78789376
71898929
70524661
33420215
11786301
44074511
12853735
96557934
70893159
64944935
79316191
80922999
52506092
45944591
96088351
4553446
56205429
26562676
4562450
15960567
70982400
5022509
30984864
82198686
90172422
96726496
31850968
756717
62670427
35509037
85934116
39215907
88317802
47557429
34439716
95847633
7504958
54210352
51293347
42721291
69374873
30825642
23838855
9516257
22421426
30163875
80156252
47984266
26033217
90781089
87315264
67704975
9536961
9963618
89278162
22357259
5149442
55180751
62550556
9623161
22300282
98911164
98940234
6815374
17624876
83008149
94084549
67364752
10348139
12545401
59757735
3359217
74086474
33465810
34409982
44199573
883221
24647494
35063602
33892655
4102360
17411802
68154540
52729611
21340393
84384241
13088855
3454798
45477628
39433470
61289054
27248157
7877452
19049512
76422356
33561377
35451609
68692608
97814764
45498684
99844883
36069956
27278861
38571612
46724069
45705011
60555768
17284257
95111445
36905897
95677689
16910100
91288698
73762007
7515850
51889162
89016190
5125581
93105253
99903784
29807737
34868925
78521228
15168901
71206379
19427400
61414961
78787464
68742203
87199910
68696401
98868634
86846491
3738224
96045232
44853180
78149653
48796601
36767055
70988021
16623500
20585946
70099672
11189043
9169647
64002892
76691976
94342126
5333701
47517536
45153794
99610978
70651159
57241506
59035860
78817973
49242858
2082741
69360476
78103112
37917281
656843
70493804
10582752
9169060
30161776
95112859
68466219
998963
46653920
95808133
81096733
89541995
59199221
16901641
86090059
80115366
75755046
24223153
7344797
60331854
61835099
78512001
96478912
78613034
26670165
55674440
38903092
81240354
15062986
99293503
96896559
38936319
23359577
6109463
16741237
51381109
38370384
80310010
74751608
50116827
77008438
52295193
81406955
45443189
62295327
78203735
15063757
50521184
14787591
1078951
38895048
29897408
85741735
98310612
17292908
98344429
64484537
34826889
63592412
91699280
40658141
23333420
77514381
46173100
57726362
58974667
54978295
63799970
42106987
61157079
95528791
81025890
46655337
330094
24754818
9435259
8597767
3665641
95656614
88951333
92057763
64795937
60727997
4734571
25079191
46295703
64774119
18020264
68050459
52198659
20731612
47510411
22666555
69249373
67663965
52975457
46618638
18547046
71127198
55537699
72162422
90104564
2775825
21169467
79167440
39587614
27596312
71541970
95018806
66385297
29844895
70753420
62217452
92596627
37054303
23399484
8579906
19825840
90393980
91817762
63861496
71038335
42816604
78430512
87104228
61127143
8948611
88219145
34093679
31088697
1476492
8636775
25959011
19492149
58028
99653503
58905863
64435944
23685153
87968280
67676109
91011736
31746854
11285173
37564745
73768498
27010219
98071984
42063364
85433002
40128635
82481877
621963
82436683
83900435
36044949
79598603
55867975
79993553
15893550
36487915
61205572
79456076
81671532
2183545
69837088
91549755
14071254
84456232
39556621
27457791
19248657
45704563
98203087
75354556
16772613
9776866
93994982
10642621
7366598
35592263
90890115
24215221
60313162
73330562
5378164
1444491
9769626
62331177
43322186
36565520
35660262
84504303
72644983
77605372
68552187
17849445
80065770
27396550
56901120
45758169
95830746
45171960
98473422
77054608
18041802
40663889
90005906
15405828
2770332
88092692
6850936
36712047
51157256
89049431
81200192
7496835
87494852
56326064
14408566
4772279
41525477
64666168
13145297
4798727
15918175
82799873
74961688
127096
23996468
13644995
11341392
34555666
97749513
79252397
16851872
55264610
40406809
59570970
41129884
2871335
8888751
47070868
70863031
41899451
10000769
51881508
83376308
92433345
7464634
193339
68556398
89185186
27344790
20654558
96095529
71140982
90349642
49825691
44355483
42007761
34645021
33171307
42350516
21382871
18002477
73151271
4693548
58672817
66451970
89998608
39495143
53197789
8706312
82706593
11557441
10158173
83241666
98191535
6454742
90601404
82377628
5292098
14578962
60849406
80971108
48737197
94977231
54474591
66372173
63928245
13381536
92379589
71070673
10950342
19108134
27990993
86508982
43325612
82210125
55220438
36155126
86985788
28574616
82600230
70519365
98451731
63277578
32070012
35282725
62664408
65107167
88869806
37109109
44720290
13736971
18235906
16704601
22297551
80171329
13033215
58146287
71957421
79165645
98880518
52747615
54953940
30702670
21373680
72201439
60061695
58820091
58642748
16553903
61474248
30955375
1557754
38080385
99488821
16696792
19462156
65013278
46761389
17117611
94871973
2279278
69765943
18973223
26593865
52041227
19381095
29495543
81176611
41654760
7884141
98841590
89418438
64877848
78851922
44728343
23127863
93330943
14395779
33278008
99356039
83791938
47460290
69051041
88298546
40276008
24615010
14539272
54949396
92698141
40393757
12322406
24756414
50152740
66401610
95532339
41967696
36033225
18625730
15233420
26021766
35041904
69985008
55918586
41354706
97072923
49116365
33551139
56329661
3686625
71627492
98395601
51379538
95474474
58869790
38383767
32654797
80037344
70533204
30175721
92802875
87308401
74023357
71111027
39508160
81277113
99630605
54708132
77062380
479356
42924143
11881748
6070367
5681714
43998340
82238396
51285688
68679468
46593896
79894408
49819198
29955965
58943934
37812629
40560646
25610798
83056510
30051596
29278533
27985890
60381487
34255936
83287336
38670964
41316009
25879336
77615167
86300773
77662255
55872480
81611466
90123003
75849044
41287682
29706244
15064899
56169222
42061374
15073685
6146175
82045897
52893012
30187639
48892543
97054399
5332385
88233667
12302795
57608662
77338459
97292291
95544020
84769504
91344579
87635491
69262274
80239796
68436498
75051915
536000
12819023
14904386
74753823
31673277
913403
48588716
11172690
48791515
7857918
75480700
87239528
16505761
5863742
50897069
6093638
52590931
96056461
71377370
75354881
25395812
17137669
82130155
77018647
45646627
99519214
2780970
37187019
30175093
78475333
78971267
19343842
82233382
85995943
52376700
52937447
19692996
51159358
14997675
85606029
56268762
19261020
19454442
91187876
46374404
79341844
20332884
25150468
44768148
24577028
46189434
44566186
18175329
53086116
73665680
65489028
65897430
88019051
88837105
9549359
61137844
55013330
95247433
32871688
8191516
20955256
46532327
31849461
44462701
6655293
6847691
90249729
53029165
60801681
32470512
61865177
46213031
55158145
3989338
39719962
56005881
26860407
89455983
17516032
22616271
17888795
95991678
12901609
10452247
40624820
82358754
94520885
44464171
64593987
84498663
25247758
98095629
55480656
52680016
47243848
51439689
9045642
75593321
25436007
8881410
53200412
40326743
83957641
72027811
61682000
987749
64380499
96512887
38946671
78118557
15324810
6119793
4679831
88443599
22862998
184966
94058423
65052783
29234844
42362017
29173274
82817319
17971689
89838694
64161988
77539780
79073677
38038870
51979594
16529632
52741910
36559741
53331621
33116924
40745434
52626479
94691004
33214696
82314767
11605734
31635593
49227439
35498912
15787222
89262150
94842540
66765291
62129780
87145708
73974952
82977408
77060511
74649379
83679257
63236642
44874159
75194299
53310066
59747624
20749971
18313922
12007292
56309444
67144006
69219416
22174896
94275735
76792046
49804403
94338577
77265533
98690042
93509268
9237549
80457123
97871675
63017306
35925206
2978336
75539098
19901667
26454087
50737020
56673888
54590574
84303270
88129526
19761125
33096275
36881467
29897715
66834470
93274573
44659845
93214978
39681342
47498662
29069357
42233314
53946091
18358657
41096578
90302792
35569055
84352704
74592628
11322194
40527493
15332688
494928
49020342
17548602
80353453
8677012
40642517
21848864
40584045
88586557
63836151
39602784
70328575
79824711
26108567
71159839
79219563
95875650
454003
27530187
57746268
1720122
70120522
93293731
83164053
27194721
64970003
19205293
34213258
6338366
31108555
43139498
62720001
38960046
33592254
93614579
56848308
42238642
12856449
39637927
18804367
43199389
12915936
82359580
59890941
17395074
30833844
67211652
90853327
85531492
77974977
69278601
48440028
33043460
19674977
84635434
92644359
3584748
16243522
55388893
60919103
86844354
61184637
46282807
79620421
23929299
8591743
73611382
34457639
27206184
87313537
48442980
85127862
19295488
58856831
82270944
2604094
44416097
62524188
47339760
66522560
34028754
72782159
15549236
99625866
30099175
1859698
10348094
74121188
97486565
47749794
73827879
21010946
40158080
92489452
35678551
47921412
94542362
24526540
82026545
20239591
86657355
95237098
35931220
54931340
85793213
11229538
47527782
14385254
82802709
86154520
17013008
9399551
1237401
68675597
87603211
47388628
88035054
1963391
99966118
85845276
24867552
1164059
56203113
10240374
90639028
95460513
13817434
85547280
36772751
67381622
86863502
62263488
26676603
1309968
67572154
27101798
44090807
5541204
58505451
87128948
44038154
71964779
8248313
10714017
85399098
36313010
53100215
43995965
23044805
26570178
21152994
59502285
40176766
51100851
31402432
36778900
81683688
21814601
74979641
87602425
15331621
7085878
53991981
78433221
19086268
51290661
52962654
2568262
39752534
50974934
33418607
86863511
6707713
76738423
46622325
27078742
12106142
64432300
20775815
98695839
73113181
9062660
7563805
51158835
15999179
94704262
33470435
87533179
42491274
91020078
42710142
19955042
42979429
31044331
37949825
57467552
33901122
81561965
21323152
87429288
81868154
59142483
67214014
13375383
74429148
44112899
55655719
75950527
49039044
2755708
28288202
64442720
4704615
25228174
9317129
88258803
7691894
35964880
39708872
74811789
41695607
75723212
82278703
99721592
64457929
28471237
33289652
46719734
2435099
64606682
58698635
167411
37025403
52396821
85010847
8062618
12814125
75756557
49790093
312408
69618647
20394224
15395928
30651152
58365856
69849293
58267077
44069532
30039812
12482733
50956814
62484543
18757800
58765654
19294628
50430326
36988978
67160771
44307816
33921352
85883707
41267907
42714342
12082823
22625821
67024673
79137165
98513964
52727731
46115699
39518956
68214802
18366501
1678827
91118354
39979342
1578386
30152164
95911763
99840492
49408977
7359192
75883112
51955675
87619423
10471255
66515866
39768910
3919205
8804104
75147594
91496662
63234752
958045
98426073
32555566
48925679
26920792
83357145
73473425
39155454
98156284
46240194
47892931
57565086
42635463
65353548
85090889
88158344
715568
3937389
60609983
31621996
16496477
8839208
6785088
10851881
92602785
31920320
33532188
44020005
73805447
98470630
13837923
74591626
79867944
91194830
30857388
39960311
22647020
30677837
60626222
77108767
6458772
59679152
25263853
14339298
92877645
62160238
6039143
75740318
68755241
45743812
52460029
98843792
6106227
79471831
17536201
97082725
25144797
48587117
13960974
46487673
24824626
5851379
58915214
17068304
93777675
18301753
21786023
155871
48815662
82813676
24685860
95968198
23427754
59740381
68893223
35823076
42579892
42351043
94444362
87091040
26020384
86524193
68000879
43451642
59693068
39365582
60899697
9591979
4057164
86979711
39712292
89060780
11775098
64367941
97261837
71770277
52882865
16807146
10019349
42858243
41548531
73908522
17131952
1585585
88792257
24443390
37844949
85780062
93398097
66613799
39296345
65765289
56833929
14538984
29289438
51944596
10754025
37292167
21879314
24979646
9706060
44186702
29733394
16113760
97220156
95198694
234084
19163094
37165153
6117116
30054542
86911049
68382449
21941290
7143887
11754319
34792490
63837987
41467181
82289142
35949752
86051362
25815723
7637170
57018115
64290293
26354344
75941741
61968807
80142647
77534073
7633561
11982832
10205284
98461031
57889275
57821206
27367568
65621337
73416076
31403522
40375435
15141316
33845390
73895621
66667502
61598526
66703265
25547448
74850308
11142164
65782738
17543966
16065199
51238381
29255040
76781102
77945102
68894401
15419752
37750393
31001898
22695777
59860516
18916275
11264885
33698876
45514023
55023378
62261087
33156583
68520050
50811719
15692853
66739870
97453467
14910932
91428257
31885473
1447220
39450216
78125348
66004022
32753750
38827292
78089437
60565511
84225565
33265567
64019626
95188269
85542282
5038335
32639556
73477274
10141085
44635186
79973465
99109258
48261764
11869884
65053564
43737155
16633250
57593869
94398391
54686428
31889360
23947216
10337082
40808265
64442368
62650751
53458743
62762192
35495482
34725556
15833678
26921167
99828199
53322353
83711724
2265680
71441467
8432882
74732342
78672782
69198839
33968752
79348172
98806962
60728214
51153202
70256931
22902027
84398001
34277534
92107929
99510515
58807282
34099458
20029131
42305090
89319912
17948261
54654917
29498870
77334082
42442133
14212941
15096856
32126190
91362872
27783005
32783532
83440542
50605246
739038
46885898
6330986
22615771
72047772
23254015
52182358
6704453
43010053
79164030
85497726
9092748
42186695
22675117
83621634
34680251
35564026
74358346
80699894
42922787
25076238
41486586
72049356
22236275
74212858
83176201
9363815
45240135
18202909
104119
19298636
66241107
54044212
34251038
23419856
13175302
27113878
5899634
51429474
72388455
17787522
40888995
32241410
21691992
24134534
55215226
96558272
29205389
61887286
75173074
54632959
81786588
42684361
52498645
23346188
12271642
95611567
74949223
88708442
85083963
95719441
97024101
37142050
65713102
32852709
76561900
10568875
