65619
92312
95489
2014
67498
76990
78445
37429
39428
68332
58246
77342
63315
57162
13400
47092
17588
45095
60758
4880
94010
36434
76258
69688
22360
92687
55619
29933
47303
75
32066
23425
1431
90752
7973
69448
8927
17119
42757
93627
19007
14222
29966
19217
99427
95491
87533
24782
31816
11814
86005
93512
61540
13585
41780
42038
92140
1409
62442
64389
4764
42481
61509
22286
81639
56942
55932
8557
9447
96933
6953
8267
41803
86094
47182
36248
44872
56073
25441
35141
34936
47645
36767
86447
99344
21023
69042
95175
85390
60245
91076
89205
12577
4815
94939
53737
37102
24329
13732
17813
3623
74196
55801
56399
10510
2348
22053
19471
91527
30975
38774
51067
74360
92211
1083
30570
82290
24412
80771
59987
89268
72388
51590
68975
71648
18887
1450
8106
98883
18993
59346
9937
19554
66826
29326
25974
39376
62919
16123
26341
10572
48777
54867
10271
56067
10199
36004
64978
77138
12453
93077
84239
44390
34915
99314
62436
35150
10471
85671
48215
11155
91803
57343
41978
23888
53389
43994
2472
36044
92461
72671
27407
74165
4511
95390
34097
70493
10007
92900
13850
262
54188
74637
51338
1315
49082
37941
90808
90646
24453
84312
4478
40161
29355
92240
34341
18646
4929
89557
7335
17529
53294
5993
3202
92193
61179
93787
845
88876
92441
62842
51564
55910
5432
81933
44238
68785
58778
77814
71269
91260
35590
82809
31920
20111
84453
66735
34160
87866
38345
14449
61680
93161
68190
83727
7749
69414
96244
15860
16266
69377
54510
72470
19406
644
14417
64844
68356
96909
68405
3977
11010
45548
97883
3591
77178
96706
53974
2787
64301
32163
58284
30082
31843
15789
83572
42341
22777
99701
56709
37148
93427
5482
31180
81476
48508
81830
82373
91975
55150
64926
61735
36998
19857
3045
41096
73412
11921
61443
43809
55006
62184
27965
98451
55176
49079
48045
78202
52126
32769
86780
6464
10669
43242
32821
87737
47114
55638
73711
916
76382
1089
73215
64396
47403
21724
91848
38062
87189
65751
94750
73682
70371
37309
8154
8911
92869
89624
92745
69781
24172
87080
78520
30299
23695
2297
49616
81905
71392
18922
19303
28795
34944
4225
27063
41939
32561
87652
29076
8614
23029
30771
61539
74663
5869
15786
93463
73993
20221
28109
83907
10314
94061
32829
17115
82975
93296
39173
71628
22243
29976
97415
2976
95417
9801
75357
86984
47921
80153
69439
80461
40691
232
39365
78862
33582
63928
75931
64040
57316
2946
15058
1602
78999
52887
6922
84799
3426
23937
1411
96375
4305
92090
35667
93365
68897
42025
85313
45393
43613
15906
39843
74715
53036
98050
80002
50580
13008
52013
99113
12818
16274
10925
20109
11794
20107
31551
11562
68181
93220
65906
61856
22502
52794
14013
56851
71472
34438
57310
60986
47136
69267
43475
76463
6623
62252
22631
26216
58890
1506
71557
37694
68399
95997
82276
24726
79715
36
49993
15144
37761
1429
60073
42125
20566
4940
25284
33124
95538
18549
86418
26515
39587
69319
23138
33060
79017
9251
94487
33115
52999
95116
3785
80486
95892
22144
66607
34049
59223
65251
32046
31996
28878
49539
30336
48797
59488
55117
78137
33465
79397
25905
58327
46650
65760
90214
71592
33120
91545
74855
49272
7146
99048
28658
46585
69905
60157
64748
58098
82176
38754
42282
59412
74779
49992
91067
61771
87247
75889
90206
29513
96861
66773
59838
81133
68098
85278
21188
37179
56611
32482
24598
49066
22245
22022
52608
11585
66260
94564
17710
65233
28707
41161
94769
74084
98613
11896
16902
84617
91377
18485
83904
68452
6352
96271
31778
43129
82319
78237
30847
39457
84938
33035
85077
51327
27877
46603
30813
30317
1055
17810
6919
54544
51920
48372
61505
62125
94422
20298
30566
84058
37449
79884
97180
58129
20518
76730
86754
48910
8816
60664
32393
249
10137
63185
68702
91580
8656
84350
71530
42287
51150
22341
69303
56353
77039
62342
38794
78217
7676
81789
74422
47745
57069
14799
82725
32609
50994
94361
15201
52812
62335
52733
99355
59936
26584
82895
72715
59903
16492
56022
76513
10946
79148
68806
21600
80129
30353
61657
85481
84772
32946
51608
41883
43265
95642
26292
24538
74287
87599
19275
10341
78116
25803
82679
86773
21661
11061
71265
8602
9854
84484
55272
89982
67659
11159
79193
84161
19684
65270
51077
5935
57444
54581
41826
21439
20535
52264
71653
71562
5361
41823
14370
75340
87706
75114
53252
7058
77107
74800
64191
73662
83263
91135
35664
79041
39526
64286
96843
76938
11998
40278
7337
51188
48651
68094
46604
81485
52405
46755
52476
43299
20474
90891
7757
93509
33170
98066
74226
4537
144
94137
13861
31777
90296
56474
49364
93128
56448
38033
42482
1432
39044
89460
54312
66955
3555
13779
99031
90752
20744
50809
46493
38319
71949
98883
82548
85466
9064
84062
19047
48161
63627
59256
48804
19710
1666
96604
65295
24259
71035
87877
26682
93551
34920
73286
39213
41104
12855
51860
72388
35619
31327
23273
87000
3207
2344
32662
16094
80192
43744
17012
57187
71296
86481
76093
49803
46616
95956
22800
41907
17151
75560
62650
66817
24045
77146
85002
19697
53687
27976
25182
9130
64725
30081
99258
15327
14173
54281
5016
68266
75578
69254
55340
21903
24541
42343
8325
25453
39972
60329
14339
41143
24629
78612
45758
29014
11724
55258
22365
23583
20433
90715
11624
80292
68444
315
30490
32058
59789
73021
32503
20931
41336
56129
18205
70601
42732
40102
27394
3469
4198
39530
14854
63667
27817
84260
19075
87865
55060
9221
13606
1209
16764
62108
38016
91214
76262
43723
41090
50106
15570
32631
52544
61065
64000
16305
43699
83224
41594
96765
64155
64936
95348
90507
48873
71643
60244
82348
73436
14349
59303
65089
4223
23314
18350
84469
30457
42005
26267
26873
49302
3538
48012
5067
81949
5461
90452
75188
59868
53435
88289
72634
49051
62538
49460
83737
14988
58825
29169
96275
48333
39262
61858
53765
63860
12445
63915
48179
58340
29938
18979
33866
60080
95574
28881
41314
90024
54573
5575
8467
32085
28412
49127
71865
53730
55503
98673
46228
39819
77389
12877
33273
11530
99179
8410
62675
46133
9867
82462
76252
68568
41909
2912
4811
61775
37580
21081
646
721
59511
70201
26168
83916
75180
14415
92104
78864
97672
93474
45077
53765
6197
86418
76589
65997
59022
93181
71757
89504
10814
42877
10107
92022
27811
83811
67290
16418
82221
15596
34862
40823
88981
38107
89019
38773
8536
73633
5775
70856
92313
24696
78303
68427
19918
8328
61455
93554
78984
96875
85439
25742
54144
26912
75576
30770
10034
93063
10907
73005
57393
75721
35505
56554
96226
16588
77617
46223
98320
14614
59821
8096
13166
37233
65502
13663
42439
2966
59216
33181
9081
79485
67869
25647
27605
40411
42002
60834
55205
52280
22288
94128
97214
9733
13732
91291
31196
4883
14906
44041
53300
54552
93787
17800
98361
57042
23731
77932
89162
96576
22157
62429
64310
63847
73848
77634
3678
5592
54791
11724
99912
87
95545
34380
76420
22626
59455
88313
28647
39189
43094
99783
546
6054
93549
27360
49577
44477
64080
58486
58279
50323
22155
69389
41890
80695
25034
23808
5751
42791
56578
36170
12325
32994
23532
12801
49382
98706
12070
53482
26565
29100
91680
50628
54890
5977
69944
52949
82212
69012
96542
6166
1065
99273
13430
10038
37269
74812
24660
44786
66660
67288
93837
94992
76274
69091
92457
56464
49874
92353
52794
49628
55468
78801
57566
90694
63341
71037
56490
21541
11523
15510
18945
34121
65533
92722
70855
15352
62075
2526
23834
29998
66391
18729
96882
13566
64779
56212
55541
5696
54941
54583
67261
34346
3683
66004
70834
45458
73510
75718
34343
72201
57050
37208
1801
35359
93541
37863
69454
88731
54340
93206
75353
57555
22129
46475
94002
43210
12143
500
41204
77085
30245
28602
87368
21166
67202
11406
99574
36128
51706
94162
66738
27478
34429
79093
30399
88856
78402
84850
98409
13682
82340
21550
14715
13495
20757
20270
65529
23139
59738
73996
53738
8029
62962
35853
18430
97478
27165
56436
3557
76558
10043
47424
56323
99056
62536
63242
24504
69031
33481
61440
21261
15396
21709
91230
86539
90842
70625
8231
19730
62773
92639
8397
50541
28513
2802
3449
25317
41788
95104
88661
69953
41552
19578
51028
84374
28147
49440
94451
78455
94698
37363
61431
12632
68372
16271
27971
61274
56561
92829
74729
65802
35337
70898
18984
65004
57902
6811
25539
52750
38425
64256
42764
9949
38590
7935
66515
65833
32563
78365
60376
49130
59977
51908
2669
69208
11975
20072
81233
21179
8877
90194
36201
6485
16654
56520
66745
69697
46915
57189
7476
99515
32044
77677
39316
71965
93255
28517
64560
67031
33599
87003
84982
97260
80121
58918
41474
79863
19815
93980
98035
86555
17909
4781
55161
22880
8889
41922
31338
65990
6774
86221
96189
21022
59919
59896
10675
63584
14059
27279
68535
53821
39966
27382
45698
771
95429
34119
77347
36348
30865
45322
51006
4903
54397
20220
10749
57016
84972
95195
76955
32920
46020
25357
81432
70296
88675
26060
19084
92849
98912
97689
73656
1061
61036
79280
42664
5139
60319
97021
54643
84126
30422
66784
33395
87500
39238
66226
3432
93825
89429
11616
16893
5179
64647
81425
4436
25262
92838
37241
89893
68380
26277
21580
69250
58758
75817
95000
3689
62739
63330
11607
30095
97318
10604
58540
18181
93786
51942
69182
70893
69838
83468
76433
35840
12178
69882
37687
17316
23259
40970
83538
59432
80947
72300
64072
95914
92812
59077
88083
6936
27288
18937
85177
42801
71559
13751
37331
59915
24
78393
28543
63916
75839
61828
76725
77129
24248
17906
39040
23952
4655
71226
92530
60188
75448
53601
21651
54204
2197
21950
54387
48927
349
77710
74534
53505
77999
42591
15197
85170
1945
6020
76874
44188
23161
28939
50498
58252
37591
94420
94776
23981
21536
96902
34806
78710
70092
62783
38759
2084
18446
40083
10740
66282
70019
66993
27986
6098
31606
99988
53337
87241
77858
75931
78435
38002
78189
68157
54147
1514
13098
1657
98830
21653
56805
33151
24265
26440
85320
44806
734
46458
23245
70412
5791
38534
60869
20442
70380
84595
82198
93725
10869
81743
72853
94134
19860
63904
65093
87675
88210
72422
96703
61270
73498
9017
55840
50059
91435
94736
49401
22985
10942
84450
90954
54705
3896
51858
20568
96723
16598
7160
69479
91244
93427
40012
7916
44746
3950
83438
99889
8825
7959
43477
13138
14227
42270
96702
83196
59761
79003
16030
79098
65325
49954
36864
66246
52066
34944
32943
1025
84152
46450
44177
16908
33926
52786
80665
71963
70732
1423
56756
53328
41391
43422
66002
58892
80277
72698
87532
97373
46574
19694
72572
32010
22455
77112
66886
64712
86691
57534
6765
99297
85628
84655
88257
59052
51626
58335
54427
76194
17930
22085
83498
22884
9806
98539
56118
6243
19564
6102
93541
7276
43860
79107
30850
40619
42290
12725
18643
42172
46873
36374
54550
1161
72416
93224
60762
36659
48403
67237
6262
88737
90721
87404
50309
6860
34487
14983
87223
50521
91149
88028
59276
33477
91401
3306
32557
93064
13582
33477
76827
46143
72883
24289
31471
89107
70846
29730
95367
15104
48797
62912
7210
28781
55206
9172
6984
10758
12302
62650
17321
46301
38972
29414
80068
28483
24
9892
8345
37788
79304
71724
9483
75596
30827
14016
54706
25960
20700
405
63280
97266
49794
69115
23121
19913
31796
46086
48352
24772
40682
80339
5948
76724
98155
83765
96767
16296
84877
90896
25626
90319
51300
48987
99896
69641
42741
3647
19672
61026
17967
30493
39111
62120
33108
76316
30970
38967
76993
60332
83831
69162
17827
1991
87996
68471
43497
26289
59926
84323
35505
16636
76614
39362
52772
52138
67630
84011
37218
79101
50389
95692
34406
69781
31609
97109
89830
6635
47588
29522
43671
28716
88606
48320
36265
77177
98464
79230
75261
19524
967
60467
21296
17484
17505
878
54834
67819
91665
82190
7501
42692
51423
79731
27965
24024
50870
71531
56267
4945
84720
3917
40297
23428
80707
35153
27733
97413
85331
14722
90883
43292
48597
6274
80777
15866
78124
64575
95783
43987
23628
18468
12120
99456
11459
39440
35534
33911
90305
1995
41909
25666
24871
52186
18800
49055
34298
38816
71799
33234
36122
29793
25194
30834
35211
23241
19073
47343
2459
4876
50015
98936
67175
53223
90143
39288
71038
91575
12562
12160
96826
30552
77544
74936
42125
86860
88517
33984
29903
73218
46853
74928
38833
57812
15132
53193
69532
37101
32572
80527
89945
1484
49729
776
82282
63279
53419
6723
96222
60321
12630
38845
92915
89550
35527
62925
13219
84612
64898
49014
48287
76196
61490
80564
72307
59085
89126
1847
24245
25533
81605
60891
93718
6355
6140
23108
30360
93884
19891
48265
90324
96869
10340
80948
11116
95211
59454
2572
45162
61591
7765
15380
43514
57806
54799
3854
56208
36357
41798
72254
18389
94174
80217
91994
53496
45890
86592
68937
77630
82812
86753
68452
97688
98477
66493
33035
72466
43126
93903
57088
31559
20932
85742
77497
35968
68138
28155
20325
4831
97617
79036
69204
30727
81648
9642
58248
38185
48522
2080
30260
35712
20190
13164
63348
31687
73718
80997
5910
56009
9688
48278
87986
84444
71030
89999
82711
37554
85418
13345
87890
70490
9639
83429
61997
26652
25799
66131
74306
77506
59041
81150
75244
93749
67883
3797
48792
65946
48477
49348
74472
80631
79636
38556
71034
47171
19420
45823
71055
63549
12427
16711
58613
93094
85057
47756
21085
67562
46303
37490
21666
28555
9164
33754
72496
71401
57401
14734
19785
90093
71242
51834
87031
12474
74138
25396
77202
49953
9112
4377
43781
87921
2129
99161
37356
76985
25489
5645
61813
3684
59149
93096
63266
14801
75090
87708
74581
41314
49216
46140
38252
20238
49176
96649
2402
4474
60751
9487
45202
34473
3634
86185
2894
82702
75014
94430
80029
95540
34906
33353
12718
68179
23418
95109
25977
56237
70565
21709
1947
11610
20040
94866
78369
17178
6066
79488
11950
35697
18039
33324
91014
93794
83282
50421
99557
83185
4410
53612
23347
37794
78504
95003
91730
71291
62033
86401
71499
86376
3233
34755
7102
76884
92539
18534
58380
11228
84333
86609
35218
47950
14506
90609
70149
65812
13606
83781
35163
35481
89508
46379
94963
57242
18251
21816
5381
72091
5056
66317
66180
45778
50523
37537
58957
71211
8099
94132
10740
53357
46084
70833
77777
69143
18585
25434
23028
99421
17921
84446
31251
49341
14210
65869
87716
70163
7475
36348
88179
67613
29128
44550
5873
67689
99353
16964
60691
57720
52163
35173
31260
92027
47023
54400
2109
92842
32886
99800
75835
97916
51412
98647
60594
85916
7633
2516
65099
75690
12285
59358
39308
90327
40615
77161
14689
92068
79873
76644
91784
76102
61079
78463
59414
88601
63456
79899
86531
11697
68082
7069
41945
93376
65950
61943
52318
35928
55088
58610
16825
44290
4181
27237
82633
3936
29517
40946
38540
49959
91668
20645
51467
20648
51418
19516
92772
21417
40908
76900
79713
38294
59511
21668
54898
99170
76410
58373
90925
9752
77867
5256
7886
84467
80541
70691
1321
55338
50529
5722
77484
72786
22828
54890
15399
33931
8600
91823
84608
7057
13625
94305
67968
33328
83858
79382
22258
94107
70891
6099
70496
86738
5780
69189
12357
68014
12435
26181
16396
74028
19222
65321
5952
84447
13031
2045
8686
61233
84651
83229
99902
9558
52265
1874
94426
65400
61553
22119
58735
20807
44504
43873
24545
29029
88300
98583
63875
42398
920
67587
9582
7673
91082
27495
41090
20862
77812
22933
21655
33846
1981
8747
72114
8018
72176
73602
80696
22583
52786
7031
19712
57838
40161
76119
74777
19619
51791
13361
60347
47916
16225
22985
20721
78071
53736
98692
74791
46490
15089
44459
54030
98860
37422
52459
35945
23980
11054
94068
49071
10609
1864
887
41570
13186
86676
94852
51324
96561
67444
54900
34006
11422
66991
35316
23065
82741
44558
60081
72947
45515
43076
36909
48842
42523
51798
2867
21801
46123
68969
38608
84125
68232
34114
33151
74473
60727
71680
21314
20137
32474
78912
61526
21506
76441
48792
43694
63078
16922
61961
96970
77218
67887
89825
89280
53610
18275
13498
83174
22762
27267
60546
49733
36533
93742
59894
77804
6854
44424
48016
54568
89658
2363
65464
97046
33732
39963
52722
92898
64596
30008
44912
58592
49659
42864
22660
42457
82496
43803
12053
57608
7931
97740
20970
57344
19799
22053
47519
82680
46987
72795
26732
89981
99606
96341
78346
70409
36544
63750
70214
62953
24533
17604
14870
58150
17316
52476
79325
67461
92240
65285
40417
32736
78029
55798
86388
54275
75590
86572
78642
73274
31562
83010
9411
84161
24557
80162
79169
75506
59712
49357
33386
97957
41729
73299
96198
99938
56151
37071
20843
44613
34997
50244
17062
32019
37229
636
62764
55240
41703
30973
40660
32825
57490
94574
24330
41247
52403
4341
64448
51268
84275
66918
61741
59137
77544
96390
51417
41414
99739
49114
99979
12751
64509
99296
74070
68477
77056
73126
73464
45782
86367
90268
99418
79096
33292
74718
34402
57954
67732
74157
2211
41191
2173
15914
49422
18861
91034
78663
91751
29785
914
83572
43857
84654
26753
75795
80759
81764
92064
45988
69838
59965
10033
74872
34298
17734
45934
80025
61123
2530
49569
5071
64979
47904
43110
19436
85969
32078
48520
70132
42899
67801
76482
43289
29278
59430
75178
17351
39892
8394
65418
54605
72692
58087
55939
19128
24091
96066
45981
54013
7599
61810
3678
1734
8057
6104
26346
50216
65167
16002
15028
57475
71264
19027
77782
90046
19257
88229
60332
96775
40472
74542
24277
84247
87607
62538
61326
99209
11152
56998
28859
70658
87368
20191
39273
99796
73399
72864
26492
78497
76235
91950
93396
83689
2464
44111
86320
86975
61736
87742
87012
83717
93281
29269
4453
14112
4263
44127
30574
61880
33935
93104
95951
87849
1395
85757
80602
37360
1227
61207
73879
40900
92587
15357
10938
9714
93054
61764
23020
66272
40067
69755
98976
3744
50998
8303
49873
29068
8137
18214
34985
50620
79194
5623
31039
23534
11708
77735
52608
38422
36471
50888
97250
45012
77405
44213
93323
73904
3403
34734
72898
37079
26279
77806
87014
32543
2412
68607
326
70332
84285
20347
11084
37998
49115
2259
67900
10490
48829
57086
46194
57015
77033
65396
21013
24252
11010
98998
27790
31302
10915
46268
60814
19858
9488
14750
8683
66868
44321
27189
14790
1334
9206
22278
67237
66838
32773
79630
2754
43163
40824
36490
78878
31132
32660
74857
99863
59837
91258
72276
81372
26550
48536
90830
73331
84767
10380
9594
11789
83409
6659
58059
3346
74560
64151
21067
25847
36594
90279
43452
65306
68497
18170
98530
73416
40435
70633
58978
16171
5059
29120
53846
8846
71775
22463
41281
36630
77047
86943
51429
45763
35038
73311
27601
13965
82650
60117
92397
10403
10639
98381
94119
37911
68350
65524
47716
89709
43716
7499
94164
29819
48878
87111
76546
11719
96073
54507
24756
20928
70768
51784
3465
92468
79526
69672
4829
59733
74576
50871
32597
52412
7568
524
95027
69460
20274
27836
35683
35425
565
80693
31600
47066
40334
59105
30899
88835
87445
55233
29359
66041
14333
86562
95214
54992
26343
16295
24502
75119
67294
1203
32482
66323
46916
56986
8823
52330
3262
42847
70034
1181
21803
59729
8620
51162
86376
9194
743
40281
74826
17917
92059
77626
68661
38122
39707
91521
79732
47835
45362
50329
40255
63813
78389
31341
61514
6776
65810
96687
12347
37669
71289
53
84412
88205
68274
82263
23551
90122
37142
95530
62956
18098
83936
54244
66573
66895
19760
85088
72059
21173
43168
47906
80669
29079
78359
34709
43433
42622
82530
94901
80772
63035
46694
93370
976
259
27350
17765
18658
1944
74528
93584
41685
64062
28865
83487
55894
41882
13228
63788
82280
27704
64382
73006
79136
65162
17720
69837
83225
99242
78086
7746
68375
22246
53061
84864
70925
86054
74930
78976
86465
59713
41317
87048
46680
98688
5649
39547
28457
41736
96887
68476
74508
58670
83657
63202
96225
29691
21123
619
65772
49191
69925
86219
19144
50486
63305
4807
79080
8840
3419
49305
71183
8741
5150
11342
48502
22828
61356
29145
52892
19024
80509
29786
91768
88418
93636
49760
13709
12925
22072
82056
35724
72818
15710
43213
63896
95953
73182
65166
33046
68129
47497
26129
21338
80548
24972
11325
40498
42092
40401
17464
1249
42772
92855
49809
36678
54252
85874
74331
96492
44322
53753
64378
13986
31028
19221
4928
49534
94121
79531
13318
55682
63677
47207
64245
60925
14209
88237
47163
3079
63369
89848
37108
42990
94266
52969
52861
79244
22267
48638
35779
4863
48008
44528
68457
99537
131
96945
77543
67341
43252
92293
97536
76451
90155
43596
51409
96970
45350
63305
5303
21082
13792
3664
34510
33151
30940
14528
329
8307
77661
859
17884
94098
99350
81665
95164
43513
41157
46641
25919
70754
6222
19703
84774
30590
9414
80651
91363
51933
39708
90788
52444
93911
81803
25588
45652
63353
22984
8481
17858
75970
90539
91389
96274
58607
49609
14946
26065
73013
15288
93155
29227
44949
68064
90878
69800
132
94749
2599
81314
55341
76097
47597
78083
28971
2753
71219
23711
71467
67500
87958
32732
1397
71397
36738
43070
38979
42340
55698
75828
83123
75721
79137
98510
83575
13597
29355
64117
93022
4759
18743
64532
73729
60535
73162
22228
11093
11511
29706
18054
75484
9237
80821
1095
7539
86832
44470
75264
80064
92789
19578
97430
87106
78946
74571
1284
95526
22617
21050
31445
92664
83527
99295
75752
46133
44399
46451
12428
8224
14054
84477
53612
36712
21169
88279
7742
41843
5136
89244
69917
57405
76980
23372
83522
65629
72929
47760
87402
77371
43785
19751
31763
96129
58706
56492
83659
71434
76465
19603
24060
28785
8839
63609
20584
85843
55074
71790
98301
97745
73339
56657
85838
75024
857
80972
5414
96064
32326
98891
85108
16439
69776
10812
95054
43847
56800
91398
34257
11709
98154
67258
5886
54149
87247
40945
70002
72426
83402
21204
83988
82998
62176
23613
89784
5148
46063
48196
17152
50824
12785
76938
38684
28388
19963
33123
31166
54616
75360
27709
23826
65158
86540
56871
80818
49115
35242
20546
29493
4545
49974
27829
3293
82874
77793
40747
35842
81612
16208
53517
52903
33698
19893
56525
70431
7
5442
9492
26985
78892
28582
5260
31877
22632
15623
56811
16446
21839
91569
72550
57266
69901
66647
70018
36865
63098
96696
43374
73740
78335
46366
65329
9947
12679
39978
96909
17336
32289
88006
37896
92831
74692
62319
38718
35039
14632
78017
6461
78960
15172
66965
89684
66403
19263
97146
27423
78313
75256
26581
77860
2522
11458
16553
30186
28180
39212
85800
19235
71009
14580
11811
70758
87313
28588
14010
38761
60703
72467
64247
26801
81257
41506
24558
99197
60476
9324
33602
78434
46195
72487
77398
55057
73557
71858
13814
5799
54840
32221
24557
92603
39160
61272
75174
37417
56713
61316
59858
19430
74091
94755
22307
76824
84496
58314
82205
27767
93036
5135
5382
39898
22788
37179
873
93147
17551
45214
82547
30750
21232
29153
39768
82688
75268
28697
59202
86702
42014
57389
16579
40223
15752
55855
54297
65614
57916
73097
5660
32201
47154
31475
12843
87530
3219
92363
55849
50278
96052
16057
39222
42386
58920
60449
68742
55506
14696
73652
60924
78996
52393
52470
18764
39827
81230
19370
80906
96566
43765
86530
93106
14833
22585
53120
85859
60760
51641
55492
82312
8651
50120
85344
57138
9190
62303
88843
14096
85370
87799
14964
81151
13088
46109
55467
76654
37254
45907
80123
92473
46739
32662
19100
21069
84842
5250
28764
93200
39798
94022
74331
66460
6369
97074
45970
91176
30658
86009
65182
81395
93393
33350
12358
27062
15565
92468
7261
29192
30354
54277
37943
40572
63888
93743
87907
47310
51817
36059
88576
94740
30228
15847
5251
86521
36312
77884
98229
18854
59867
74203
15856
91514
55568
80394
7039
38667
64417
18176
899
90089
63742
64048
45540
83219
9470
3415
98917
7401
47868
14026
11572
76432
20969
87591
17272
16846
35717
72480
27154
5047
60022
67211
58849
4346
54952
43765
19748
74577
64028
92372
92065
19768
69787
50397
96312
73774
64004
46025
68644
35150
40823
71848
43117
41135
53581
2859
50231
78253
88834
36497
94057
86548
29449
60788
6942
95162
49070
86976
18333
47122
14997
71339
7956
57904
67740
79859
97858
67738
23680
38771
29184
88119
5178
76748
40491
8494
30123
63260
73715
57602
1842
41623
30759
32797
27405
55034
1633
79116
45311
87815
45504
8499
4875
68205
58686
47082
88746
7726
16706
14323
1509
21764
9878
54130
7081
7280
51757
57366
88991
36427
97127
89856
29875
50567
68977
56420
93651
55485
65172
31061
59879
11266
5202
22090
66022
42104
92669
53941
12465
89015
98392
5243
23214
35672
25320
68337
83252
85836
65799
61957
1027
37313
87470
91670
14608
57469
35986
8182
54714
90521
92028
65812
2029
52637
90345
88503
57550
8468
69139
71140
66084
39319
92266
29497
50294
69623
42398
45844
96225
93782
32089
98644
24730
70973
68785
16545
50420
39921
37529
58435
72618
53466
52228
79940
62254
15592
79629
67696
57734
10157
39587
12918
11106
58060
6218
74064
72006
1094
95877
21633
76118
53172
77194
12055
70026
89972
34454
55306
62355
5198
87846
89821
34879
78029
46443
34829
32940
23122
61888
75710
7257
9285
68933
69752
67602
81601
91367
35017
89613
55733
98132
58674
23279
2664
4180
25556
61375
93583
64524
31571
2636
3065
55165
79284
7126
83422
73268
36102
65113
352
90770
35192
64812
83037
27187
90216
23404
27173
88220
58083
79860
85066
7256
69190
59028
12909
41417
8661
56908
66048
60855
11739
33776
31843
40337
33279
49600
73804
21560
93552
53484
15798
28467
34882
5270
30204
95473
70775
28271
37938
13663
39575
90640
49556
89774
92155
38332
78534
40042
61818
65596
79015
48389
94078
70165
51429
32426
60441
53371
48910
8345
16170
81088
96940
63036
54583
48273
33387
50885
11917
50528
90087
58113
35532
17113
77340
33914
35991
63545
62406
44286
64747
79474
9018
88063
85027
25553
53042
23374
26431
38654
12482
76277
67695
29271
82597
49696
39481
82444
44441
99822
94931
1458
60431
13902
6534
18157
87174
92724
64104
82400
10893
54726
99405
92038
9553
99165
30706
27808
88726
11162
32483
4077
64096
26517
2915
45881
70925
278
26188
96492
17255
48092
50888
29074
73099
98526
52693
62011
49290
30555
65574
994
28565
4583
66977
26579
43409
48349
34337
15360
47488
75784
66564
43132
8066
10635
56939
61645
70322
46848
85339
47004
37198
62772
36549
32507
51007
83847
89242
22264
9132
12429
61449
98647
50752
7833
88156
95370
40870
39643
67487
57656
64928
23495
58835
59072
13864
97392
39699
76132
93646
46515
71520
78929
97505
54548
40688
56486
18492
93919
24659
13966
99339
8498
4689
81398
5703
856
60103
28862
50057
1086
76561
10717
79346
37809
17253
70731
16580
53364
40840
58884
94009
39139
94697
82464
60784
28449
84627
76469
71603
41708
54207
4334
25371
19155
45915
8926
62868
46695
31344
35365
42832
83772
73107
32645
52335
26059
51243
38053
23440
61187
35146
53923
13323
71558
99546
23467
44063
95117
77164
44920
9735
69813
66381
40129
35062
14064
45441
79845
56989
21091
39380
92198
41589
14655
79846
83768
63644
96090
11803
18421
42027
38473
38255
24523
57500
60113
96689
9496
52325
63429
93206
1884
56315
68671
12590
22711
65368
61193
83926
74063
34333
45730
99513
8564
76216
23876
19149
7134
81677
82523
30683
7480
21317
95447
90610
27786
11522
38403
10038
89816
17630
12567
19098
23697
39506
68563
36253
21338
17918
24141
1594
49478
16288
53631
19586
34651
55460
41494
61026
23474
96271
21028
2163
68825
47579
3873
35248
88454
84022
66245
81439
97246
10173
86317
92660
20993
11840
72320
2089
15093
26934
91862
68637
66228
53409
28742
90332
58611
64573
63316
94318
81451
68912
97502
29015
71498
28780
83527
55700
94459
40336
45559
39804
45058
60549
43926
55397
60023
87063
44994
86094
83950
98909
74573
98268
96671
18431
58374
13385
26461
32860
56731
80524
95109
52464
43538
22752
88294
24700
90262
24488
66743
6581
51996
72449
98219
41861
87180
32288
93059
36019
85208
66073
38254
21499
19841
94577
78588
69754
39084
68560
63129
72621
8015
72242
59654
79759
6000
23610
83057
91055
13529
68377
79733
19123
41180
42827
29059
15760
56319
33963
37123
41048
20049
65141
26956
3486
36867
30134
78361
50292
98417
50532
54929
63396
60740
61668
80185
98531
55847
51015
12136
70451
28887
82919
79740
31726
86227
99297
32263
68849
49376
58462
87567
20121
26868
36262
14540
47982
12770
72713
7515
47537
63290
68807
90935
79679
6134
24427
40821
17336
10217
87648
8401
84205
64049
7458
15102
66483
30594
49569
9780
99811
69138
72949
35895
97363
55313
88658
25481
70364
74266
55959
73747
48663
66676
34241
96361
44632
34234
74467
37138
62317
43161
63967
55405
2035
30707
82698
56231
38372
50646
63080
95299
76546
79462
84453
18064
54251
91925
94694
18152
99223
95098
44016
5441
52816
88843
47825
60053
73219
51852
38930
73193
39551
6586
91517
69559
32586
33001
81443
54027
44320
46956
11959
37954
19398
80910
11571
17773
46364
73748
13073
6122
23678
51208
9281
29862
51932
53447
48594
48267
91176
38987
65322
9295
39407
134
51996
47739
70157
58734
95783
17342
12678
87396
62874
5819
41131
56131
26802
43517
10123
93496
10275
30665
89004
8963
95943
46259
64896
5644
71550
2326
5601
45790
2886
59117
42919
43408
62312
99316
745
22727
13647
62741
37949
68996
39429
99898
63362
17320
35443
26999
81849
98961
46758
35555
5497
79041
89652
38027
56239
98156
8535
67748
44964
67615
96885
5309
94955
58437
19861
74168
18990
80912
59307
16239
35851
64352
50618
36486
94585
21249
68445
56607
70516
3185
30967
34493
40503
60961
50252
19547
47261
40478
1891
75628
86470
87452
33128
88943
2701
34986
18801
18498
57198
18317
94921
52430
38865
71178
43071
72576
89598
61856
41517
10146
80858
58161
48694
64027
5562
37628
87693
71643
99638
34409
57499
85796
85949
38799
30589
15204
54503
52435
84694
41230
3159
53012
72985
55432
27624
61753
56023
11072
3370
56485
90372
24787
2466
14309
21613
29598
12954
29105
24683
43331
31655
56382
44797
30817
66859
65090
67130
59165
21320
5619
19052
42068
23955
37682
6937
51605
64270
68642
60284
20567
38809
62720
60134
75788
59355
23402
72273
20002
55548
58419
57147
82969
93339
20854
2407
53382
87426
3067
59336
87665
89190
86581
28868
17262
55425
2391
43904
59334
18368
34908
10964
58899
53294
80199
97638
8046
8608
79922
86819
10817
77796
24152
73699
63465
65671
89693
74205
9456
99498
64454
67563
51876
8728
23951
10310
60853
87742
73750
74831
78069
92388
37115
29897
41086
37667
48700
3579
59772
68883
83029
14470
73916
64183
58315
25861
54784
61956
45137
29820
39804
20675
61662
45996
97924
84952
58909
23249
8901
80158
39131
41139
13369
63921
22003
43416
65827
84696
76306
56191
97667
89073
27011
43348
20441
6151
10851
28442
69661
16962
2729
8760
17042
19456
29008
7930
13707
4900
79864
37471
71181
1145
30854
97684
40610
45629
40014
1802
78047
62502
96433
40837
76020
9060
38484
30925
46576
88245
81696
19685
85652
81492
60164
83369
16203
89518
45758
73706
91337
35837
95648
77250
1993
22308
97696
74520
16933
58853
86017
77531
52138
45853
9996
18570
48310
98569
70109
91984
47379
36479
43918
53453
36560
94047
82789
88753
82320
81484
66773
41828
34287
60189
98119
47712
15849
63390
2216
28050
7353
74339
3343
46121
5883
84584
67938
32902
98875
49164
68028
5239
13738
1370
66273
42414
68772
43686
78316
26611
88391
74318
5823
5273
28181
23802
77498
66343
39841
1032
5374
3977
7870
92384
47565
19075
12924
51452
14150
87709
20765
94595
99804
10605
85646
56626
26556
99853
59729
99424
3144
55394
96311
93035
67705
8277
22126
75204
69597
16246
95574
43954
58902
87367
13146
42001
4648
49463
7400
32588
37605
24339
95682
65400
29802
95510
43526
89188
8204
3418
48767
67313
57276
54132
75477
78566
3652
9525
81417
62206
9227
29548
49441
3116
57082
89196
14955
45284
44133
84665
69388
29786
19534
19459
52021
80281
10285
83638
11708
49875
50047
44057
23259
16956
18051
28503
20045
63092
3351
19307
57421
32607
7239
77238
53602
86213
52339
35389
79880
61575
95769
73498
14240
59183
5673
36345
36735
61673
69744
63267
55433
83562
1473
59875
650
74341
70140
30821
52456
9038
25308
12003
43076
80245
88679
95277
43057
61740
29630
42093
41703
81485
68323
4663
30647
70369
17122
34110
34636
99384
53500
35514
59015
77913
79942
8210
98948
69055
75626
9727
18210
88387
54939
36166
47288
44779
5119
6939
2392
27555
93553
75897
122
30635
78389
80182
62023
87087
72264
57412
62089
5865
89659
93418
490
26265
17956
1005
30850
26875
19655
37373
25161
72761
12465
79244
23549
12467
83044
73152
78529
32532
47343
46548
17479
99287
74240
79222
61800
69562
8208
16636
36011
28057
60084
96334
66937
28132
95202
3557
32114
56957
13641
57648
61590
25214
99359
66965
26909
591
90475
16132
93191
79831
56762
99043
64604
52482
72701
45342
51612
31756
93386
87458
4616
72521
17080
67829
10058
91929
45612
51426
21965
11300
54415
95792
49407
21169
46136
89391
21615
54059
96223
16999
36381
27654
74237
37409
58886
29517
45673
7032
62968
48136
71973
45747
71868
65621
82706
76522
91285
49654
75375
45423
32969
81386
68803
67351
22613
82749
5991
30589
78229
98684
49206
76437
4338
71084
21598
31624
6883
52482
6915
98458
84838
97886
37688
96302
75352
57590
73576
86630
4669
52902
82031
37835
86058
69052
74605
13214
43000
4852
35019
41477
63964
23816
59603
43527
18191
89068
1851
82714
84474
20954
85051
83564
33201
90707
11732
10925
81988
84974
14132
1000
94374
2824
76729
37872
80527
52288
91794
46530
10978
62898
14862
97547
51565
74213
83977
45266
76011
99573
80038
93661
62255
29977
68232
20457
99570
32681
55699
63084
32534
36566
26547
59907
83294
18534
73667
9435
96533
47960
9296
72616
96156
32469
29968
97903
28411
35531
2765
56827
32566
96301
3385
47390
2003
61856
40985
94287
20764
54100
26924
50284
64888
92027
2596
17091
76378
88034
62163
450
54784
75473
46088
44372
45160
35919
27579
44454
50048
56844
99816
75201
39632
81023
90840
76069
60271
89333
36992
25756
63902
5129
190
35511
29047
44254
40541
33103
15980
34940
72406
34054
77884
55723
95433
99424
61558
51829
74882
51754
37301
23137
26362
47503
51955
64705
43632
98159
23649
25718
81938
72785
56755
9319
53950
68915
56419
66853
97765
13089
81503
71818
78463
69675
25857
78256
99748
50274
59153
88584
83586
94407
22977
9718
87396
58512
24734
9071
36734
75710
18680
10497
43185
80361
26258
2206
82418
31713
40054
36217
50748
80538
68874
75406
79462
40986
97915
79976
79504
43944
25269
8889
79446
80944
63589
86650
12297
74803
49561
68648
21057
96611
46161
33405
13181
89469
43155
69316
28116
47553
11507
26850
802
12065
28692
13100
49110
60158
14686
5898
14640
34481
54759
40030
49947
26763
4298
45264
54123
34566
90320
99149
75012
87432
10103
10220
17400
68015
77078
3058
17977
7527
72391
77270
85044
66889
23235
99484
3816
9806
35766
66454
97417
18084
20274
61264
16112
30976
60809
63018
36489
94519
16679
67902
95565
99523
84992
23357
15701
77073
90058
3213
36014
7751
1030
65132
11326
35326
27082
23978
91784
70936
7175
22997
9701
74576
39736
69365
43372
54117
79780
97468
44334
16180
21312
3394
7374
4587
89795
50419
60627
67437
10992
63814
18725
24293
127
57720
52641
22361
16059
37619
17096
85973
85778
41242
62273
39940
64050
68549
89119
14850
39431
18744
83024
22281
35002
21024
66478
83376
77014
26988
83003
45557
59656
51742
15188
49842
42157
26429
7920
40795
50623
22540
51695
49003
82651
39460
19127
24063
99083
3776
64130
96937
40558
29781
30256
15033
17539
92944
57238
24318
77049
20378
20844
21666
97073
95667
73670
15753
62471
56955
29671
48505
49855
87362
95293
81482
43947
44531
29355
75952
83167
5816
61082
80751
25557
15030
69349
25687
86034
38482
48505
73557
97835
76636
7698
27680
1645
53391
38903
24529
20606
83825
33656
68770
97355
63676
84575
94558
92527
27109
88383
49743
41492
39247
39971
58288
58111
94629
53066
87188
68762
28638
97942
1938
89094
94021
51197
47786
6316
46265
73670
40560
82410
82438
418
5768
8331
93059
98917
33232
18493
63805
80002
61733
26590
29002
5819
20631
59710
49544
62248
48255
33029
74566
68807
69307
1300
67819
47292
70456
43189
16231
82342
35385
74120
39870
26190
86705
88144
66519
53741
7049
40272
4462
96250
71228
90958
2019
60709
15480
90112
28530
98908
47515
33820
99511
98683
44543
51664
26451
61097
80749
10155
26615
97454
54602
90240
83757
79725
46589
36639
16664
9515
32436
21737
34723
16136
31175
35168
29135
16637
81117
21727
9029
21296
20942
68621
97393
34081
81198
75362
87641
13145
55435
79945
11914
88829
67203
8922
36124
14053
23187
50446
601
14989
44474
67460
61323
51543
86853
27024
44891
61784
63702
86346
39252
43414
79654
89307
19905
27822
57984
98644
57841
23485
69773
38351
40751
99612
5973
29116
62679
42058
82955
95367
68941
13746
80388
51908
8403
9796
57425
68218
52693
76787
9053
991
33422
86240
52347
20146
22546
86768
86155
50964
58040
83952
18501
49696
81480
58332
2580
60360
12839
75004
63957
72484
76170
13410
15276
76405
5677
68955
113
98170
35976
56438
65904
63160
30829
99782
48337
93703
29090
33202
28459
90504
64365
73031
3074
75652
30580
84239
13235
45041
77959
14572
72421
46289
96583
72345
97014
14695
85314
72235
60086
94851
29568
31841
21258
39792
33905
65519
15175
247
28065
28385
9705
28605
63074
72047
68992
24983
74357
29201
29190
11650
16112
58904
71947
71944
50185
12047
82610
12402
78425
61719
32417
46126
78025
63732
5873
74398
98007
60255
13445
13019
46526
73105
1949
91695
74152
34487
78001
77005
7719
79187
25989
15983
64268
57152
45186
95998
97543
968
19247
38959
56914
41610
61613
89382
21743
76062
49813
93474
38619
95387
71641
82782
25539
8298
18284
80007
22602
15611
38652
39823
95703
85416
3894
48760
79939
53630
7646
87148
91379
94547
31493
86646
93057
54923
14241
20200
48937
53107
8535
37915
99127
92580
41433
88020
96129
18875
86429
71313
81370
99871
19637
7400
74719
93332
1982
85523
60284
94408
50711
47628
27308
65778
55970
19407
3629
62493
2929
21389
17302
93609
24119
6881
87513
81789
21893
25932
65685
97461
9266
96820
7333
42940
64501
81909
79729
84151
58055
99008
80338
65326
49559
77877
36536
84774
63168
41770
8560
17340
91384
49406
49495
29422
37552
41724
47231
52447
28880
5542
18522
29125
19845
71840
49738
87768
12772
71462
47148
45364
69609
84642
89594
33549
5011
52411
70791
56037
21391
36133
13839
9470
558
59041
8303
50188
41540
9843
84447
71389
85746
17620
25826
48872
82776
67176
87656
43634
8582
20483
20062
40525
79132
6416
54729
62204
74418
86210
66291
28908
96442
89018
39039
21872
51850
59371
63480
66155
21904
58959
69588
59837
66432
18374
17744
23006
33265
9567
92966
92892
2625
64978
71630
35609
7346
98939
97028
92541
71272
57510
73000
96455
72957
77355
12272
78026
29459
25728
29426
41916
77436
10241
70182
98011
22536
70863
98033
98550
39988
63478
96187
16578
58230
3428
74887
19600
78884
89491
1397
82993
56502
20043
1956
75506
1065
40903
31917
35128
90787
21354
88389
86395
4024
304
84727
24587
16934
16928
37156
76662
20809
5099
78425
55549
14152
52516
8021
85153
67660
95184
67003
9635
62247
53692
22596
15936
7967
96876
46307
77269
97351
78455
54011
23663
21744
92257
15473
49365
7016
79175
12579
73596
66817
7916
81179
51486
45338
24057
16919
98648
65102
96383
57796
65966
42738
3964
51874
75063
29788
50773
88089
25219
82987
11905
60267
31076
21404
72479
55247
78060
51917
28694
75825
89009
43942
40959
77214
43618
96190
24052
11397
4798
70315
35278
77858
53877
99345
86803
72404
97239
92577
89673
94317
68798
32262
93239
86320
62987
93799
82139
81238
35807
92938
15579
15096
31592
75467
59921
78995
87595
47822
4265
57984
26953
28010
35373
99263
33920
395
1410
51311
82054
79364
99932
77512
15170
70393
6933
93035
20099
52901
94897
8685
75298
62433
38001
73754
8725
15210
5260
92958
18255
15704
86809
1726
16832
66574
23434
12212
86392
46488
47239
44281
1416
71212
5334
38494
4885
30958
50978
7452
97625
694
28337
59190
51764
55143
71188
14337
64749
35378
7699
94751
57017
61580
45667
10368
18399
55696
95974
12805
88176
36884
53361
47392
62561
14145
81630
57718
23454
48615
51697
31847
66215
5640
39164
86883
77659
53165
98247
97337
85640
80828
48177
35593
45489
83076
94903
14200
35420
88491
92173
56433
65988
91049
70222
51693
66388
27355
45842
71175
17685
64958
61337
74988
76714
58076
28894
13598
7382
93802
71564
68368
64490
6962
12901
61315
53297
56115
93863
46632
27695
81109
17209
43474
52905
21994
40808
25486
38774
70891
4179
88537
33441
33352
17102
49074
63927
3037
52362
56217
89820
84139
70758
21511
81013
83857
235
80967
75333
18526
47684
33271
18836
53312
54577
4026
46408
93681
58450
96844
16819
2815
87206
43751
18638
79177
83911
3399
69757
97399
11714
10795
13804
58217
96569
77103
32060
98123
57842
96487
85805
91410
10791
12592
20817
44708
15465
37953
73802
67066
25970
43026
4928
93460
96891
54275
5552
78106
3664
28433
9056
99082
49589
96261
49016
12024
25222
25550
90307
35029
43091
66023
1840
54337
6549
53143
77888
21410
81011
30168
42523
70544
35634
85451
62201
87877
16097
5773
6994
23732
67888
49478
54105
51494
45817
5537
66526
4318
4199
26713
90247
34569
43618
75243
49175
14399
4390
80033
16930
47176
34916
49065
5154
31668
44288
89261
68956
28094
26183
4278
42460
54541
61712
58623
63316
22903
91444
37062
57647
78857
86637
54148
20070
89120
17200
51751
37604
1043
56816
84382
8997
49571
1529
38359
95095
15038
8797
52873
96113
81150
28682
12360
81139
97199
57745
38954
85047
28215
88685
52821
23032
96014
34002
83734
78221
48113
75993
2709
54915
83673
22967
82547
30654
10878
97936
91694
4463
26496
72158
27796
77602
8589
15513
87078
8091
23207
1713
45271
13919
71714
78744
26881
44599
70878
55934
13414
18242
30349
4297
49572
22721
50468
22435
23877
70852
56318
27911
41349
12100
44466
54279
2961
23732
44140
60124
87631
70071
21146
13624
70731
89656
10493
62690
33245
67199
66890
70631
86207
81961
48978
8049
70853
12824
73663
9082
75173
86028
53379
94865
63508
96356
21583
81465
64604
32468
37594
3475
16635
85332
16718
55482
86680
34976
59452
59314
31786
15101
79480
93905
55200
37830
67837
39104
20494
1046
75367
84139
74777
80368
50849
30684
84325
57860
86992
23435
49452
81605
26376
42268
11037
4164
76488
55683
58038
29996
6077
50283
94054
11275
37137
95004
96459
85978
95704
26551
95406
46975
12942
7291
42167
9935
71166
5071
7722
40407
87010
31719
76839
64969
38109
8645
71380
76308
45455
53082
5884
58814
44842
25314
13234
6181
10675
64024
98925
93097
32651
4484
69879
82388
45241
5297
83350
21805
18355
30318
83386
53708
53796
31776
61594
33757
69278
73251
27713
80168
11997
92481
54062
69119
92114
79564
59169
51946
54748
55087
82647
52897
26090
92961
32978
51930
77405
33764
79385
14848
55092
96614
95159
73280
83778
38113
57449
91938
93339
78190
42281
78178
65639
99956
86225
76611
11081
82681
69879
10825
81645
60578
69272
23421
91999
53652
43871
65951
4328
853
71657
82914
41783
75704
9386
75687
48859
47315
50896
32134
48706
91389
50451
39502
1132
51662
13331
47642
91625
69678
17203
60398
76086
91764
49113
2583
90665
71732
72502
48860
66895
35355
12181
72401
8253
19118
10932
14455
24524
44291
18879
4336
95405
64101
30803
10142
5496
9441
92031
33918
69783
60566
79373
93227
55041
83741
87758
16117
66879
73692
83564
85071
71751
21954
27702
67160
12394
79067
35969
24883
83274
43548
35772
18395
49732
16092
99261
22346
17204
88773
26954
84065
8046
80365
16712
73076
99468
26259
77101
93393
38851
24970
94643
73926
84227
84765
38905
50271
29350
25075
73622
29875
65250
40256
34913
22190
52104
54018
16470
37217
40098
24876
82679
41570
61216
58883
13406
17507
59938
58277
78931
64144
82354
43613
49791
76678
59430
94752
50268
38429
72351
84040
52908
98180
18568
52913
69394
19532
20241
92416
37175
80793
44466
20255
80592
8442
21323
10026
11413
34862
4626
53377
63667
17590
19496
88935
85467
33063
12814
28952
34641
75239
83373
58569
98021
44338
16266
78599
67965
74983
80447
40377
1304
38846
22504
52316
30800
98794
8997
91174
20467
31362
53848
71878
63055
14784
8167
43191
92785
59965
12106
67973
56017
17069
24899
10467
60101
80889
20134
31946
33095
51462
40051
70589
17283
43636
34504
88552
8479
20933
11607
58718
78908
91664
52344
51967
68460
31875
90350
92710
69793
22758
31381
46124
38077
49685
23425
82264
84318
67282
27142
38290
2349
64230
23151
14130
27305
60848
870
26915
74379
75704
31261
94093
16619
24650
11413
34793
32309
80016
77282
40649
1728
15993
598
5945
2720
78458
81532
22773
43991
23725
38149
87865
6852
89373
70333
25981
89117
96591
16666
7889
79955
1742
25248
61777
3051
97631
25283
32613
21676
3843
18315
46749
81340
36571
30728
8207
37259
67981
59323
7808
46911
28655
28975
91092
16526
15043
25518
33380
76810
46151
43902
81988
39164
64959
3317
17665
22458
89603
69687
98059
56461
36617
32765
59666
21435
70873
88208
75375
82343
30050
98049
19422
26573
29104
51067
23528
94470
62647
20981
86691
44253
81579
63511
82861
60790
40016
56375
98459
40259
6805
48124
71950
46878
91210
81285
78903
56043
45405
34476
45328
83783
20904
8012
81839
35968
70715
1043
90121
38762
74880
91289
99152
47807
24381
79528
26115
91111
63890
37210
39
80887
67622
95932
21115
49533
33125
33541
35858
52631
73312
18822
85728
91688
11753
80833
33472
27637
27077
24064
32318
31796
29967
40298
97488
50798
29333
21596
85953
47523
49749
84313
55777
67630
63821
48034
46903
14811
24119
84249
16205
63034
74776
50302
53760
90543
90605
92647
75876
18035
57758
1161
83148
33544
32582
18741
56453
31353
91011
13334
36345
22230
68692
42776
83663
84074
54009
79173
80186
5155
30366
51438
42409
23520
3868
30817
46030
60888
55730
27168
84078
3472
90833
61513
44529
45479
27109
89565
25668
40553
73372
51723
38235
82031
97707
80968
83554
49280
60649
56306
49995
13439
71667
43681
65705
12961
7667
88845
1373
9997
17606
65052
39920
5875
877
96213
58287
86880
55970
73069
68787
4473
22639
86989
64784
45562
92638
82549
48049
726
78935
10090
33433
25481
75231
34956
28010
43254
27522
8316
53386
99461
20637
4621
50411
24224
99967
22604
3770
46388
80801
93967
58594
37081
593
63209
88412
73476
77476
83126
11699
89502
26730
1271
79485
37693
91868
17684
56113
33840
83869
35920
18388
70768
22912
45000
50468
75239
94960
9811
8788
4956
73998
25118
67508
11599
10534
65929
88685
31796
39748
87574
23131
56063
80883
87624
74614
45952
23686
78819
2919
77205
10121
77622
38490
17720
93859
59422
12311
21193
31935
21259
39709
11277
16286
29179
89777
37150
51323
81653
38081
48909
60243
21244
28911
86294
2376
9292
32228
22806
66778
76710
43339
4432
42184
10975
50925
4456
23924
9415
90643
62187
90982
22572
30323
799
93510
11331
94806
15067
89846
93245
80734
67800
5047
30965
28829
42458
84106
68011
25566
57137
55192
23850
24395
81476
69056
96537
28738
32819
5238
70975
710
19717
19521
73962
87849
11823
14669
51097
59054
42013
14820
39506
41689
53766
43860
6956
12023
7274
29566
75733
22704
6428
74001
10777
54713
60635
78259
76925
515
32762
54085
77324
56244
28453
8660
82611
68491
80554
98292
52790
6135
62289
60853
19739
98654
96522
28798
13010
8573
55273
43944
96485
94858
56136
23104
89434
55818
63538
94868
54760
97438
6885
14598
38389
30100
38325
51259
10062
15679
77159
48304
64750
78840
92166
11930
47963
10175
1579
3844
20453
11821
3022
21828
23723
34932
40685
67182
16269
91140
87775
96894
10689
95131
38380
3214
5671
51757
58548
24698
73423
6164
98389
49315
91005
16602
39467
43822
78821
31280
18883
97403
56026
23520
86307
98946
20677
86998
98491
50960
11249
46869
23844
33203
10086
4477
32064
25764
86572
87391
39970
76838
38811
44540
54527
45244
56660
71099
82662
90527
6903
18209
23233
36497
31804
93475
48005
62859
93727
56711
89264
74433
2542
32869
37857
76957
13355
27692
43357
48346
64883
76599
53312
37449
69944
35608
43412
30856
52239
33571
68204
64130
91152
9289
30032
81725
576
94894
13724
9832
71176
1996
42106
7457
58427
34792
48790
87758
67053
11279
58092
63587
75572
66900
88960
66160
5909
69513
57498
17819
74166
68020
77345
65920
61856
78357
1107
95884
44562
91825
8910
29151
13673
18305
10667
61582
59506
86568
59495
65183
54243
72449
79911
90808
88704
72181
50023
7955
55766
30491
75717
6747
70445
42014
31688
78603
22011
2043
4706
9290
12838
53982
56669
1702
7833
49318
21989
93752
20704
57716
34530
47812
77107
99800
54717
48955
77385
13949
9643
79606
60833
6483
18579
79814
26601
8371
32842
39016
68862
28155
37848
53704
89681
96960
54629
59716
97977
94215
30272
44032
59687
7434
23369
52546
2627
30182
47633
1598
272
16623
86459
87739
52314
74416
88898
86293
48549
10373
44831
84170
99636
67950
94913
3600
99930
412
15385
58389
17472
41985
12277
37079
20341
39895
16730
96593
93455
80870
36452
22893
48986
89648
67760
52302
40192
95552
48102
36130
23978
14119
69264
28253
86158
96732
72611
35324
74236
92589
80031
65560
56872
90021
56357
97028
65617
44338
166
8290
45105
66112
93366
48281
71149
73848
62600
22620
60274
54476
74421
22267
69688
38002
14856
1073
24069
81850
90479
58596
50740
30022
40283
75514
85270
71945
76616
54899
80714
78037
8093
66753
34038
5238
49045
15730
79097
9781
3301
24490
79833
73554
33332
52648
77746
98961
87070
84109
74525
82070
20539
23114
65581
57973
96381
36146
60437
51831
16603
22879
85311
26403
31049
98093
56408
63741
54757
6348
46956
87835
70569
40315
41798
73251
29487
98685
23962
31270
22894
81544
99342
63592
20986
67765
80602
47374
3099
88068
92940
86004
12217
43787
45666
53247
83410
97592
70538
19188
31699
37401
65099
96139
80551
39285
7774
24136
48770
4041
67118
26577
16632
82673
3681
79554
55142
33786
61744
66968
52505
3657
74020
61247
57888
29693
92561
51497
31205
15996
47089
72158
8857
1523
36768
74396
60037
40724
516
4592
12928
79517
29028
44042
61953
97756
50748
68157
83184
8021
97390
21125
85947
13624
12281
52243
16969
77716
98834
62599
74620
47682
8777
29749
12902
30825
91800
53134
73976
99878
2583
46475
70617
58424
17497
22477
38232
64870
39017
80821
9288
38959
13498
38081
71422
74696
64526
67365
82440
42525
59307
78020
83836
78158
30734
70622
26734
80193
22342
67769
67084
28747
33939
89934
44029
79721
23698
8394
84297
99716
48407
46261
70777
79275
99553
22006
17045
13397
67236
63278
15897
74045
75447
84186
64532
97708
91961
50611
19657
4081
15535
59224
51245
20814
85900
97958
40585
68624
82069
72126
4672
53656
68683
47068
31517
30075
4835
8188
16362
8437
6839
34378
83176
96027
2299
48206
96959
96112
67182
80253
48934
94982
37229
46437
97707
13804
10840
93016
96838
82324
38138
68983
5928
73550
28085
90632
28622
50253
66038
38330
27412
64190
34691
1073
38631
94684
39231
53751
31372
9814
75395
51970
35260
18756
93140
38131
34561
23814
46441
36699
84507
52955
20111
5351
77039
9404
25893
6300
51479
76373
4930
72561
40898
30658
3842
66350
44630
81119
12414
34020
53370
16904
1592
85226
38916
31094
77723
72356
25829
4355
58660
93741
57862
86430
41284
87223
77325
46206
73940
87291
58914
16406
39395
84900
92824
18442
58499
30449
5431
80623
27174
34150
40565
24727
14625
24416
76095
69049
2645
4491
79841
38781
47698
71994
9053
14910
21680
75117
8490
36192
41042
56775
39687
77065
94497
61382
84578
27957
90272
45772
17643
65122
99950
96417
705
28565
34942
7441
28486
69823
32384
80986
99803
69932
31442
26236
94767
78832
30352
63182
66366
46615
21317
27241
25235
64952
768
25229
50432
8915
410
2537
44921
47392
42015
89071
43928
8879
99647
1912
3657
34227
75766
16356
12509
51786
30802
53284
24133
48864
61495
79820
44541
35675
8736
36579
40702
14800
41583
63708
97590
71513
99293
11999
62240
2555
67532
13906
17849
58922
91042
78228
97122
80325
58354
92511
52549
51592
78474
80719
60830
88081
3969
55631
88634
28559
65742
24982
95309
27687
21484
29697
827
7750
54626
67698
77466
47950
68764
32680
53248
63598
93169
51124
80640
83484
71170
13405
9910
68248
26464
20346
94023
7078
68493
37059
44932
81235
26380
30522
94879
28761
27789
41455
29031
68825
85921
96583
26163
72489
3851
27156
296
17290
23083
39892
69795
52864
90202
57365
81036
22358
58163
64339
83772
5078
45756
46098
49976
60707
56781
89451
17159
5542
77222
54296
6890
47260
34176
56440
18733
76710
38922
55704
88003
40236
96129
21006
20161
33712
60438
2297
58026
95523
36199
17450
76086
70381
43540
86057
7123
70654
4057
2752
59504
42110
53922
856
6763
25903
61833
53450
52707
34671
60626
61308
21414
65815
26687
60924
16764
34149
81486
90925
12754
64775
96044
76461
33515
83733
89460
92599
98690
52675
12191
87873
30153
48590
61112
68101
96554
5285
94005
76660
48642
3592
57760
82719
54837
23817
2393
91128
59014
79120
81969
37683
99153
20526
7108
54673
26299
84552
91417
664
14332
60812
53804
99168
19142
39221
9045
83501
22022
79265
82849
55418
44241
58084
95415
11123
8859
8855
97111
54714
15217
89234
82570
23685
24337
77826
38472
88490
68529
45915
63178
2666
23654
73065
9466
79068
7398
90071
22371
13201
20538
44941
33308
3352
11149
85780
84271
29372
34154
83358
89792
84966
21545
80386
58674
57231
26855
37053
98223
13992
33163
69959
13405
57678
35426
54945
20606
38088
28988
49105
57168
77603
96937
13243
49592
56208
60586
58934
37115
64340
79258
83831
22140
13915
49908
64594
49812
50964
52252
71833
45490
5759
2972
25602
76692
57470
22731
45389
77490
21246
42768
94183
90533
54963
65961
67415
66049
29207
60083
13027
45704
35824
4675
17996
63003
87845
33541
79571
6641
61564
64011
56012
94759
82441
91055
23946
8278
65215
86952
11737
8974
77304
75722
94322
70709
18845
85660
47914
58910
67193
20273
71516
13626
83271
87968
65333
19269
63832
32089
29616
20014
17152
15308
78365
82585
78876
76670
24929
27642
89001
94908
42763
16312
66306
49964
23511
89703
9735
93451
59212
63728
23319
28061
49991
12595
53474
44634
39792
12846
96188
759
43967
26157
23218
4555
14024
89174
36275
8421
81974
17443
12662
20212
45557
25840
91621
17406
36103
73091
85851
30819
1079
5686
87177
11639
71754
98629
10454
10130
7530
97222
44358
35918
19997
56082
9289
78596
57483
54537
56622
57564
73413
38056
18202
1294
86019
61694
88056
15067
34204
53611
18344
9669
259
93421
10048
67317
2905
41365
61843
43972
31827
97999
81847
3798
63056
83361
1223
12194
42426
65464
51834
87554
88067
59537
85688
54203
94684
2673
52164
90996
93400
68771
93388
26625
56627
18383
93631
62762
43665
44663
43174
53025
52539
59254
21777
58553
45029
2555
84697
31711
17347
87233
47753
37403
32907
96188
93488
29516
28919
67870
19839
1031
11876
14549
37429
53762
20371
18636
93530
99099
58233
79356
82929
65183
78589
85374
10703
11495
34576
61761
71113
7857
6923
89650
71028
73434
61142
92177
26559
92924
92013
15821
90368
26655
77044
99378
62205
91428
62342
67304
93681
43822
99030
44766
16518
87800
291
10045
70576
18840
46329
6707
11206
89588
10823
61459
68266
57748
39151
80029
95554
19201
65437
88887
21259
30498
51509
94243
62546
25252
40568
98438
5280
8009
74679
51100
63645
1399
50039
85135
25586
60688
5611
35132
99589
6079
32875
75356
51922
53332
98491
26026
28945
56902
5654
36196
24339
27912
74758
69000
52308
93894
83940
53823
66513
7253
74005
57268
97888
93166
86562
84262
50933
87659
41055
67384
44412
41155
29407
23365
78609
23649
86059
26835
95537
63063
2793
1668
50322
48031
19096
1816
25113
42732
111
19515
9147
75084
863
66566
81087
9432
71069
35650
33742
91034
11064
7751
71377
49585
34588
68820
29329
64021
77768
59553
39703
82608
47091
38255
81134
57438
93413
35895
96524
96996
58797
96739
82318
71814
26639
69643
77133
68367
12055
25518
39903
5573
10232
12747
73221
17919
98368
24089
15244
10853
33168
84529
72311
94250
58598
76043
48541
49801
73171
21135
75253
8776
12502
3194
84257
2180
18242
91638
11245
32420
76056
7654
47405
10844
23097
2517
48023
50319
49072
38710
74350
27881
20899
25070
20876
3100
24742
82503
66844
60111
47371
81603
10189
77852
76688
71873
3719
62048
94767
16650
29886
13357
37872
49903
6033
21559
67094
64390
13274
46740
21104
97010
42117
95410
31864
21716
18072
17309
22412
39423
52453
35939
22778
70302
98983
66015
77877
28138
85757
25875
83797
84464
79525
80938
63708
36541
75607
94067
75848
55117
83717
3831
31319
23578
4988
89165
27359
74807
22196
83851
21547
87590
25715
49158
49836
22762
713
37511
1947
76888
44404
29888
16410
71910
60646
99876
58691
36877
11201
47493
27890
11086
35890
29962
69464
52052
13959
62290
44545
77844
52474
27055
9038
46615
78028
47249
95836
83121
35298
21631
38919
41104
32509
25833
88208
87643
77501
97841
32854
16612
51971
54952
88620
94634
75781
45804
16315
80675
1266
42598
51456
44305
43360
74871
60490
94772
70812
92791
82774
65943
76363
47683
9686
86057
96019
74126
86460
4913
83267
27838
51539
47251
72870
62316
84450
72185
14605
61105
92546
36678
30314
10206
93005
81405
49554
99182
42894
76765
72348
62535
69154
68093
34034
61056
44934
29036
93838
39039
12076
68527
96660
7418
26264
4325
50660
11231
92937
33260
29045
49367
22608
54921
30898
76778
51997
39937
23789
52073
24892
43943
53685
35842
21863
34974
29761
20844
48381
98316
89240
99928
37073
77196
10001
62676
59899
26129
4224
93815
55172
23026
71112
67516
53988
4085
78244
21420
61718
42761
85722
68232
40016
94102
6139
37957
12421
91930
42078
63269
7503
15770
14630
25109
37222
92285
20025
24286
40355
20876
86385
82929
14862
28192
43832
6807
69514
48771
38662
47188
81522
72555
68433
62396
10427
95666
52152
25486
82506
21761
69599
40080
55861
62025
77394
11648
41567
77889
98144
192
29299
96715
58736
47506
16782
52207
50515
55363
10713
92658
426
31346
14832
42097
60313
59672
73087
97034
74053
25131
531
82590
51808
68121
61845
11043
63052
94468
34348
71624
55600
65498
23380
22440
4388
81774
31849
33390
53647
30112
37676
39499
41699
53398
75860
81835
87747
58517
90990
76959
13385
88216
94189
29727
98621
69816
82202
64117
82145
36136
9770
94114
73971
1195
21887
23051
64053
56522
87775
36280
52664
61092
99611
73589
73350
72669
56190
2337
61750
90324
79809
89731
30869
63619
33282
75114
8826
10554
80627
63718
12164
59550
81393
96966
65516
24965
43059
88495
98016
49058
13121
31454
30423
9186
63936
74610
55212
54329
92329
28483
25045
40352
17901
26268
51494
79324
43593
2558
39871
85416
71493
32658
10841
98466
15924
7959
72372
35212
33318
96504
17829
78767
7846
38759
67943
8860
2928
73254
4443
44818
32729
43056
51799
71811
1022
7358
27992
93863
5528
2561
10453
48697
17479
63702
67853
89259
72580
40990
96710
83313
5006
16117
15418
74737
57505
82829
22327
85302
71518
4107
2434
82799
96469
31547
92674
4668
41747
48779
42706
55509
38486
85089
81969
97435
66242
77615
91751
81803
26027
58261
52581
54926
37974
98833
47142
2150
31195
2553
67171
18424
33221
23452
88148
58692
48730
76961
96188
45793
43254
94104
35670
66188
42708
91621
88964
71982
91804
21401
39830
58555
80981
25652
50103
62631
54729
93565
90135
93205
89262
22086
54711
17274
64263
98127
55024
34330
14114
91388
63048
23500
87273
85256
88784
4217
23086
72614
48473
37823
25073
22015
39573
32137
94707
76755
51285
45083
74863
38685
5186
13765
83949
43902
19580
26859
51323
46011
45715
94951
27024
64070
64180
98612
25379
50511
9432
5526
57831
90113
27645
63616
99821
50987
64454
40997
69012
51210
60507
98335
37407
28752
16744
14169
87930
53752
28160
98801
12891
98704
68628
75627
10135
98109
45614
54523
99420
16951
76119
17433
12090
95571
5898
8175
60127
97403
65269
38859
20503
29520
10810
10856
7836
44308
35920
80528
35745
43426
81556
52013
37746
95250
82328
43124
82190
95337
65431
88098
99238
34851
29176
19214
41667
8498
40905
73939
2772
21307
24279
8722
44378
21596
35876
84811
73518
60101
2924
94138
48758
36773
23156
43707
66647
5569
22599
12149
18697
5758
62956
61530
44366
93945
61069
79684
20971
2716
21629
40855
66181
67505
26858
48707
38255
31672
26746
44795
71358
81622
19647
93666
19740
7971
71281
98694
67566
60753
53085
25781
66903
40321
53727
58994
93393
32140
63650
7153
14823
9233
49552
84249
80826
22330
21056
82921
38103
91689
99252
21804
3521
7312
14246
22837
46003
92251
40973
49245
29225
50469
93272
94176
80218
96345
64829
48613
34404
12026
24600
49984
87995
9132
67805
95938
50777
54392
22522
30175
85742
42387
4342
99925
30093
27461
36613
65834
68893
33389
59216
95156
48622
56075
90157
40735
29253
46957
90513
65356
10026
63975
38716
35674
30024
72361
35737
8541
70048
60644
40202
26314
96671
42388
97968
55233
47119
93366
82858
21120
49628
23600
20705
47063
71402
51158
1066
46194
63235
87349
90367
20126
44521
64306
16643
64139
48400
64016
91077
25952
2374
8937
76109
3751
54912
27191
88913
29592
99535
65447
84977
21443
45202
32300
16839
30901
10930
67597
16154
91148
36215
34523
17303
92279
61385
71095
41054
49390
17300
18712
48324
4303
84043
80843
97057
75672
97679
67019
13067
52947
69774
83541
23505
86594
69210
12613
75101
28154
67667
41211
46812
38693
80390
57684
93599
3085
48221
62135
85324
23161
80103
27079
8129
75519
90239
12287
52982
76254
54646
17253
81053
15584
4125
27199
65601
12701
35364
46445
92622
82441
90435
20999
9864
68869
85446
75873
98978
82984
94084
2691
94425
72993
34027
975
29443
70008
56806
55451
12730
51791
30729
40270
9228
95465
75658
85745
88917
88207
8353
5239
16335
73138
27997
47022
90569
13866
48203
33134
98440
34320
12903
63655
43365
30882
38886
81568
59470
80828
97919
2605
51334
60539
34514
78542
2544
43513
6767
78882
38367
99725
60612
30246
95748
19347
63074
80663
84176
3804
40720
12165
71967
67432
67638
72335
58667
44443
23989
12289
48271
76853
7399
4222
65230
18273
91206
24213
30705
69131
40837
3871
34809
364
16728
37406
11912
33277
73028
65921
2176
98374
33452
90517
84442
53954
91067
9036
52989
93405
84149
92483
21488
30237
17928
80428
63488
9675
73327
99751
85588
19069
44893
79542
96105
47400
91407
43265
63818
25470
54277
71919
13382
82624
68860
54925
69031
36916
84739
12767
24632
33998
5664
92116
26073
85328
8583
18262
49670
32819
58997
33822
80917
15974
96462
53276
62017
69543
83073
70093
25297
17866
87754
16351
77822
1700
69570
87929
88791
64068
51341
45669
44060
98257
72385
49565
6613
93237
2835
54865
40338
12495
58345
47978
91875
80718
83498
36058
43792
50878
36818
78963
80659
77087
37113
8232
15124
70826
85914
49592
55020
93039
34642
20978
37323
25948
86121
31692
1116
67574
65622
58168
18325
18322
71909
76980
66554
26033
92273
23404
12195
95420
71193
41459
83544
85047
657
26118
30755
91699
73428
85319
92563
50143
92088
99251
16413
26165
70325
38870
38948
20245
30447
43334
11138
88959
75782
77657
66990
59007
84997
47883
82909
42303
26324
8440
63997
44618
47848
7600
82387
13918
37629
48891
74022
70549
22449
50831
38401
80959
90337
27136
98569
53859
49363
52596
94720
59845
95801
41867
65115
51240
28991
20739
30424
75979
52492
59556
59552
3295
72003
49649
25652
17184
14266
2728
8094
40322
12669
79767
38138
80387
35688
45448
79286
19626
73100
55428
2944
28142
24636
43101
68239
12523
13441
46741
3716
73154
86752
9651
64493
57080
84430
97529
45808
87639
36976
11137
77972
68898
8429
9337
78425
62909
22748
20855
27515
47277
74699
77862
36524
62464
13102
58133
94120
35520
47462
1683
67622
12247
3841
62495
73287
64871
36615
55696
40349
99530
5701
8789
77902
26764
53776
81114
72628
12732
72072
54559
75594
51322
50122
9325
18611
78061
62949
31182
15608
14741
88864
47184
3030
68164
61733
24066
72823
52259
86690
33625
43303
22566
59717
90317
5911
60242
12539
53219
29414
30247
56399
42549
33274
71694
28619
71172
14792
51736
7297
71984
59100
13632
97462
29048
58435
55821
59780
93110
53796
20509
9849
68485
94603
76629
36971
90608
34899
96513
87094
63457
34791
36113
37321
76812
40311
96032
14477
49083
43201
86327
55912
34268
40635
14877
38802
82391
98076
39346
1059
76655
1330
56453
14277
78350
27590
15551
22444
7105
3726
15238
43284
10311
18547
1747
31489
69159
71249
52500
64611
57088
44971
67311
52742
49697
80361
58058
75746
4994
92847
11133
80615
80649
21913
20222
51687
60982
61838
95574
6704
26388
99318
37683
45876
78169
52557
77857
37763
50560
70525
9356
46414
24564
56847
19794
73560
65945
94283
69180
87599
65800
52550
60834
19685
13659
93005
81962
36271
18509
56395
32496
75134
82598
35092
83381
51580
46631
32786
88818
46142
23449
37055
70206
86827
75494
61814
77844
20499
27674
26727
30920
54398
88164
94655
89632
26069
6551
49769
54724
68445
18709
53966
71815
666
64881
61590
84184
76763
9059
70703
58847
38819
29428
30848
59957
26792
43152
77513
78660
17530
72833
67036
71015
41646
56265
38345
7771
39941
21979
59187
90000
38926
32950
6974
36984
20702
90981
75879
77627
65044
61581
20626
30950
85535
84011
45047
845
20367
45896
53335
33040
69751
97585
74777
75677
23666
37786
74947
69628
63476
86997
12189
72928
24006
69043
60490
56527
80896
78050
47343
87118
8229
57687
39731
4643
72673
82332
40371
907
67572
13966
59936
50173
5371
61650
48265
34775
23552
68316
14038
84881
94732
7605
79718
56881
12615
1734
20421
84889
42157
50658
67976
8837
75138
15826
25880
48517
60027
22322
8044
11285
50176
14858
894
71523
29786
12216
7344
41304
90709
56243
63358
10838
61610
46397
27878
56744
94901
18536
22688
7543
39515
63431
69
12450
70095
29194
53910
64236
55665
86820
39703
82325
63938
23873
44485
25093
57575
1310
27471
79905
5324
82048
13756
1105
45796
21737
8387
51038
78258
55824
45924
60692
24414
92692
78814
48450
71192
18461
79883
47735
96919
95704
16212
65926
61288
17558
4182
46728
97839
19063
10251
97982
24646
72479
553
93630
89185
14200
77642
96191
79115
81109
94704
26588
46161
33884
73080
76322
4309
67783
547
69624
39658
73393
49515
89234
24051
42206
16279
8462
9562
20698
94248
87878
71207
25467
48312
13900
16097
56225
2083
51494
25713
97059
11652
79782
31786
18707
37611
97116
75715
40375
17493
46921
23923
85597
66030
23202
48361
42848
18900
39898
41225
44166
38321
91473
89538
34975
82226
97810
53860
80065
86633
43796
93172
64340
20121
77350
16633
76828
66611
90135
89739
48036
73738
78259
86347
49650
69695
24106
23495
66385
60766
11602
68402
70110
690
78026
67794
93824
9318
70968
51979
36026
70117
75072
10631
49960
34424
73409
72092
66612
89209
83473
11196
81235
24587
25952
54999
78718
66127
39438
1956
2238
18962
63453
11811
89265
88312
42371
21625
94839
31861
14173
36762
88745
46777
86751
53799
2363
19748
84422
12587
90412
69493
47813
809
63867
90141
62225
84130
40934
676
26331
19274
39040
38885
55309
85219
90987
82637
38185
29800
1308
4912
65365
49999
13636
49849
30931
85091
40438
70970
61557
40221
68332
987
40111
73796
66455
72501
67970
30808
69623
21119
37805
91433
24294
31075
69661
54096
17610
26390
37376
41281
21493
54398
34355
48159
41575
41108
61988
2688
57617
77698
89532
4296
7000
91672
54146
90057
84169
94972
65257
73899
76675
20125
11328
64790
59861
36421
75904
78749
55551
97201
73231
39034
7227
39344
17308
18763
80124
98462
56148
75130
89656
45941
552
67924
49461
77141
22137
17650
13370
61715
38769
51636
81970
94877
85102
24911
93747
76077
75104
11332
72025
1974
49159
75725
81202
89228
33379
90926
99179
50087
67128
14874
75544
33331
29817
74168
52469
42888
47108
57781
62661
35456
61972
28599
51084
11071
73970
94619
53169
80405
659
43223
38531
21541
20228
12177
28828
62406
96431
24015
45195
46730
25575
26657
90294
26245
24805
8111
47308
71897
20006
65147
66993
51849
99721
52825
73054
87983
42338
34126
72914
31890
83103
15938
54703
65988
27749
22047
32961
69857
22862
41850
42903
9918
13186
43227
44617
64518
65448
93370
10251
67040
25549
74436
9713
15094
46418
68850
25684
42814
55597
12824
95782
67911
55678
2528
2702
33409
44855
80115
74698
91205
94228
57851
67720
72249
76833
18251
50967
66870
68652
60423
75649
10821
19669
6589
56915
11583
38758
70643
92895
87852
90478
9123
22240
30929
70747
10374
96519
